
t,x,y
0.000,56.50,64.50
0.067,56.57,64.14
0.133,56.56,64.22
0.200,56.95,64.55
0.267,56.74,63.79
0.333,56.36,64.54
0.400,56.59,64.30
0.467,56.71,64.19
0.533,56.61,64.22
0.600,56.25,64.60
0.667,56.66,64.61
0.733,56.86,64.59
0.800,56.34,64.33
0.867,56.35,64.63
0.933,56.55,64.33
1.000,56.79,64.61
1.067,56.26,64.77
1.133,56.28,64.41
1.200,56.46,64.19
1.267,57.06,64.54
1.333,57.04,64.53
1.400,56.81,64.12
1.467,56.85,64.47
1.533,56.89,64.58
1.600,56.64,64.17
1.667,56.68,64.47
1.733,56.29,64.58
1.800,56.53,64.30
1.867,56.78,64.72
1.933,56.64,64.07
2.000,56.66,65.02
2.067,56.66,64.80
2.133,56.59,64.73
2.200,56.58,64.66
2.267,55.60,63.81
2.333,55.93,63.90
2.400,56.71,64.45
2.467,56.74,65.03
2.533,56.65,64.93
2.600,56.60,64.70
2.667,56.41,64.16
2.733,56.48,64.06
2.800,56.66,64.46
2.867,56.41,64.65
2.933,56.45,64.57
3.000,56.53,64.34
3.067,56.18,64.50
3.133,56.35,64.42
3.200,56.59,64.40
3.267,56.35,64.66
3.333,56.54,65.09
3.400,56.35,64.62
3.467,56.14,65.07
3.533,56.64,64.70
3.600,56.53,64.41
3.667,56.64,64.40
3.733,56.69,64.73
3.800,56.51,64.21
3.867,56.24,64.40
3.933,56.60,64.69
4.000,56.59,64.29
4.067,56.71,64.38
4.133,56.60,64.22
4.200,56.63,64.35
4.267,56.84,64.35
4.333,56.69,64.56
4.400,56.51,64.59
4.467,56.52,64.45
4.533,56.37,64.52
4.600,56.67,64.50
4.667,56.57,64.40
4.733,56.67,64.49
4.800,56.96,64.50
4.867,56.43,64.62
4.933,56.48,64.89
5.000,56.38,64.54
5.067,56.20,64.11
5.133,56.39,63.85
5.200,56.73,64.81
5.267,56.66,64.43
5.333,56.03,64.04
5.400,56.61,64.25
5.467,56.81,63.98
5.533,56.77,64.81
5.600,56.54,64.37
5.667,56.48,64.59
5.733,56.83,64.43
5.800,56.67,64.79
5.867,56.42,64.21
5.933,56.57,64.71
6.000,56.26,64.56
6.067,56.48,64.11
6.133,56.64,64.14
6.200,56.65,64.55
6.267,56.49,64.37
6.333,56.54,64.33
6.400,56.49,63.95
6.467,56.33,64.04
6.533,56.81,64.81
6.600,56.50,64.46
6.667,56.68,64.77
6.733,56.80,64.52
6.800,56.42,64.58
6.867,56.42,64.66
6.933,56.74,64.47
7.000,56.52,64.06
7.067,56.38,64.35
7.133,56.40,64.66
7.200,56.42,64.50
7.267,56.63,64.58
7.333,56.75,64.31
7.400,56.67,64.99
7.467,56.47,63.78
7.533,56.65,64.18
7.600,56.87,64.69
7.667,56.56,63.91
7.733,56.34,63.76
7.800,56.37,64.46
7.867,56.53,64.69
7.933,56.46,63.57
8.000,56.34,64.39
8.067,56.61,63.93
8.133,56.31,64.11
8.200,56.59,63.82
8.267,56.70,63.89
8.333,56.53,64.17
8.400,56.78,64.20
8.467,56.64,64.37
8.533,56.55,64.42
8.600,56.88,64.41
8.667,56.56,64.34
8.733,56.42,64.53
8.800,56.73,64.60
8.867,56.08,64.16
8.933,56.57,64.27
9.000,56.65,64.33
9.067,56.53,64.69
9.133,56.66,64.30
9.200,56.45,63.85
9.267,56.67,64.01
9.333,56.38,64.66
9.400,56.44,64.70
9.467,56.93,64.58
9.533,56.84,64.51
9.600,56.59,64.20
9.667,56.43,64.50
9.733,56.53,64.38
9.800,56.31,65.00
9.867,56.65,65.20
9.933,56.66,65.07
10.000,56.49,64.84
10.067,56.44,65.05
10.133,56.58,64.77
10.200,56.65,64.36
10.267,56.61,64.73
10.333,55.96,63.79
10.400,56.18,64.50
10.467,56.51,64.44
10.533,56.86,64.37
10.600,56.65,64.82
10.667,56.43,64.75
10.733,56.71,64.27
10.800,56.65,64.64
10.867,56.50,64.38
10.933,56.81,64.13
11.000,56.33,64.80
11.067,56.45,64.85
11.133,56.48,64.00
11.200,56.30,63.86
11.267,56.54,64.05
11.333,56.88,64.63
11.400,56.67,64.28
11.467,56.29,64.44
11.533,56.39,64.13
11.600,56.36,64.46
11.667,56.56,64.35
11.733,56.57,64.43
11.800,56.48,64.38
11.867,56.50,64.18
11.933,56.58,63.83
12.000,56.53,64.22
12.067,56.58,64.54
12.133,56.30,64.39
12.200,56.54,64.70
12.267,56.81,64.18
12.333,56.30,64.53
12.400,56.71,64.79
12.467,56.39,64.30
12.533,56.39,64.44
12.600,56.87,64.92
12.667,56.59,65.27
12.733,56.31,64.76
12.800,56.77,64.45
12.867,56.61,64.25
12.933,56.55,64.71
13.000,56.58,64.50
13.067,56.53,64.04
13.133,56.74,64.67
13.200,56.58,64.66
13.267,56.54,64.01
13.333,56.85,64.86
13.400,56.43,64.39
13.467,56.43,64.26
13.533,56.43,65.13
13.600,56.59,65.06
13.667,56.47,64.19
13.733,56.35,64.78
13.800,55.70,64.20
13.867,55.69,64.36
13.933,56.51,64.78
14.000,56.32,64.49
14.067,56.45,64.99
14.133,56.61,64.84
14.200,56.91,64.57
14.267,56.59,64.52
14.333,56.50,64.53
14.400,56.53,64.23
14.467,56.49,64.67
14.533,56.92,64.27
14.600,56.51,64.35
14.667,56.49,64.30
14.733,56.15,64.60
14.800,56.52,64.49
14.867,56.55,64.61
14.933,56.56,64.64
15.000,56.54,64.68
15.067,56.76,64.52
15.133,56.65,64.76
15.200,56.49,64.59
15.267,56.11,64.04
15.333,55.78,63.48
15.400,55.09,63.18
15.467,55.00,62.30
15.533,55.45,63.70
15.600,56.75,64.26
15.667,56.62,64.32
15.733,56.89,64.54
15.800,56.46,64.19
15.867,56.31,64.63
15.933,56.63,64.83
16.000,56.10,64.32
16.067,56.47,64.25
16.133,56.95,64.11
16.200,56.55,64.28
16.267,56.51,65.00
16.333,56.83,64.69
16.400,56.70,64.62
16.467,56.62,64.55
16.533,56.87,64.69
16.600,56.42,64.72
16.667,56.65,64.28
16.733,56.61,64.71
16.800,56.58,64.46
16.867,56.27,64.69
16.933,56.63,64.63
17.000,56.56,64.85
17.067,56.73,64.62
17.133,56.61,64.63
17.200,56.67,64.28
17.267,56.44,64.59
17.333,56.26,63.92
17.400,56.34,63.98
17.467,56.37,63.64
17.533,56.70,64.22
17.600,56.48,64.35
17.667,56.84,63.91
17.733,56.31,64.58
17.800,56.22,63.79
17.867,56.47,63.73
17.933,56.43,63.79
18.000,56.59,63.64
18.067,56.35,63.90
18.133,56.76,63.86
18.200,57.03,63.95
18.267,56.94,64.13
18.333,56.38,63.37
18.400,56.90,64.04
18.467,56.63,64.24
18.533,56.60,64.60
18.600,56.50,64.62
18.667,56.15,63.74
18.733,56.36,64.17
18.800,56.57,64.20
18.867,56.42,64.53
18.933,56.35,63.65
19.000,56.77,64.06
19.067,56.51,64.07
19.133,56.39,64.55
19.200,56.99,64.52
19.267,56.50,64.45
19.333,56.72,64.55
19.400,56.52,64.40
19.467,56.69,64.19
19.533,57.05,64.76
19.600,56.62,63.88
19.667,56.74,64.32
19.733,56.68,64.45
19.800,56.33,63.92
19.867,56.83,64.72
19.933,56.86,64.48
20.000,56.81,64.81
20.067,56.36,64.75
20.133,56.46,64.11
20.200,56.50,64.76
20.267,56.24,64.19
20.333,56.38,64.47
20.400,56.69,64.48
20.467,56.38,64.51
20.533,56.65,64.64
20.600,56.39,64.40
20.667,56.76,64.42
20.733,56.65,64.41
20.800,56.66,64.46
20.867,56.59,63.81
20.933,56.46,64.42
21.000,56.15,63.92
21.067,56.49,63.77
21.133,56.60,64.46
21.200,56.59,64.15
21.267,56.77,64.46
21.333,56.49,64.36
21.400,56.27,64.78
21.467,56.61,64.09
21.533,56.56,64.80
21.600,56.62,64.27
21.667,56.62,64.53
21.733,56.74,64.41
21.800,56.42,63.82
21.867,56.45,64.31
21.933,56.62,64.42
22.000,56.55,64.21
22.067,56.68,64.45
22.133,56.70,64.44
22.200,56.61,64.31
22.267,56.94,64.38
22.333,56.69,64.98
22.400,55.78,64.47
22.467,56.65,64.42
22.533,56.25,64.29
22.600,56.57,64.51
22.667,56.28,63.74
22.733,56.40,64.21
22.800,56.49,64.24
22.867,56.64,64.77
22.933,56.59,64.48
23.000,56.49,64.28
23.067,56.62,64.95
23.133,56.62,64.43
23.200,56.28,64.13
23.267,56.42,64.37
23.333,56.59,64.60
23.400,56.77,64.35
23.467,56.93,64.55
23.533,56.71,64.83
23.600,56.60,64.40
23.667,56.31,64.84
23.733,56.25,64.94
23.800,56.44,64.52
23.867,56.40,64.06
23.933,56.40,64.32
24.000,56.78,64.11
24.067,56.78,64.46
24.133,56.58,64.71
24.200,56.48,64.50
24.267,56.57,64.15
24.333,56.44,64.49
24.400,56.32,64.17
24.467,56.79,64.77
24.533,56.78,64.39
24.600,56.50,65.04
24.667,56.67,64.46
24.733,56.66,64.39
24.800,56.31,64.41
24.867,56.37,64.46
24.933,56.47,64.00
25.000,56.54,64.30
25.067,56.45,64.60
25.133,56.32,64.48
25.200,56.74,64.57
25.267,56.47,64.55
25.333,56.48,64.66
25.400,56.49,64.64
25.467,56.63,64.95
25.533,56.24,64.07
25.600,56.18,63.99
25.667,55.43,63.25
25.733,55.72,62.92
25.800,55.54,62.62
25.867,55.36,62.64
25.933,55.37,62.74
26.000,55.66,62.80
26.067,55.33,62.85
26.133,55.63,62.62
26.200,55.67,62.45
26.267,56.41,62.13
26.333,55.85,62.57
26.400,55.68,62.66
26.467,55.32,62.91
26.533,55.30,62.91
26.600,55.58,63.09
26.667,55.33,63.38
26.733,55.39,62.94
26.800,55.36,62.66
26.867,55.20,62.81
26.933,55.43,61.98
27.000,55.50,62.33
27.067,55.61,62.62
27.133,55.77,62.55
27.200,55.78,62.22
27.267,55.29,62.83
27.333,55.39,63.08
27.400,55.43,62.97
27.467,55.57,62.91
27.533,55.64,62.08
27.600,55.32,62.75
27.667,55.52,62.48
27.733,55.40,62.68
27.800,55.58,62.79
27.867,55.65,62.84
27.933,55.48,62.76
28.000,55.00,62.90
28.067,55.52,62.42
28.133,55.47,62.75
28.200,55.47,62.58
28.267,55.72,62.43
28.333,55.79,62.39
28.400,56.11,62.53
28.467,55.88,63.08
28.533,55.53,62.80
28.600,55.43,62.63
28.667,55.44,62.77
28.733,55.41,62.77
28.800,55.68,62.44
28.867,55.57,62.46
28.933,55.58,62.76
29.000,55.25,62.88
29.067,55.84,62.40
29.133,55.91,62.83
29.200,55.64,62.97
29.267,55.25,63.00
29.333,55.59,62.63
29.400,55.64,62.66
29.467,55.78,62.60
29.533,55.72,62.61
29.600,55.76,62.76
29.667,55.54,62.78
29.733,55.49,62.91
29.800,55.66,62.57
29.867,55.21,62.65
29.933,55.62,62.39
30.000,55.43,62.78
30.067,55.30,62.89
30.133,55.63,62.39
30.200,55.48,62.50
30.267,55.54,62.37
30.333,55.46,62.43
30.400,55.78,62.82
30.467,55.59,62.93
30.533,55.89,62.55
30.600,55.73,62.28
30.667,55.61,62.51
30.733,55.47,62.90
30.800,55.57,62.49
30.867,55.42,62.66
30.933,55.51,62.76
31.000,55.23,62.86
31.067,55.44,62.34
31.133,55.56,62.65
31.200,55.46,62.58
31.267,56.01,62.67
31.333,55.73,62.74
31.400,55.44,62.52
31.467,55.42,62.32
31.533,55.82,62.67
31.600,55.77,62.71
31.667,55.75,62.24
31.733,55.53,62.53
31.800,55.18,62.96
31.867,55.27,62.93
31.933,55.48,62.78
32.000,55.68,61.94
32.067,55.54,62.35
32.133,56.39,62.55
32.200,56.22,62.77
32.267,56.13,62.75
32.333,56.08,62.41
32.400,56.01,62.58
32.467,56.49,62.68
32.533,56.33,62.36
32.600,56.26,62.61
32.667,56.59,62.87
32.733,56.32,62.94
32.800,56.48,62.53
32.867,56.38,62.83
32.933,56.61,62.70
33.000,56.73,62.14
33.067,56.46,62.33
33.133,56.16,62.67
33.200,56.32,62.33
33.267,56.55,62.61
33.333,56.40,62.64
33.400,56.29,62.73
33.467,56.31,62.91
33.533,56.26,62.51
33.600,56.73,62.80
33.667,56.30,62.35
33.733,56.69,62.54
33.800,56.52,62.77
33.867,56.58,62.58
33.933,56.23,62.76
34.000,56.00,62.82
34.067,56.69,62.68
34.133,56.60,62.82
34.200,56.21,62.56
34.267,56.69,62.76
34.333,56.40,62.63
34.400,56.44,62.70
34.467,56.55,63.16
34.533,56.59,62.61
34.600,56.70,62.46
34.667,56.05,62.52
34.733,56.38,62.64
34.800,56.36,62.88
34.867,56.32,62.74
34.933,56.38,62.85
35.000,56.62,62.44
35.067,56.79,62.89
35.133,56.52,62.37
35.200,56.41,62.82
35.267,56.73,62.41
35.333,56.44,62.70
35.400,56.77,63.12
35.467,56.73,63.37
35.533,56.41,63.57
35.600,56.57,63.24
35.667,56.52,63.22
35.733,56.61,63.55
35.800,56.46,63.30
35.867,56.79,63.13
35.933,56.16,63.57
36.000,56.56,63.20
36.067,56.72,63.35
36.133,56.17,62.96
36.200,56.30,63.44
36.267,56.20,63.14
36.333,56.35,63.51
36.400,56.19,63.20
36.467,56.75,63.24
36.533,56.75,63.60
36.600,56.22,62.88
36.667,56.42,63.61
36.733,56.79,63.35
36.800,56.39,63.53
36.867,56.52,63.60
36.933,56.52,63.53
37.000,56.32,63.53
37.067,56.18,63.58
37.133,56.52,63.56
37.200,56.40,63.81
37.267,56.44,63.40
37.333,56.59,63.29
37.400,56.55,63.27
37.467,56.42,63.67
37.533,56.36,63.65
37.600,56.75,63.48
37.667,56.28,63.57
37.733,56.52,63.68
37.800,56.23,63.31
37.867,56.21,63.33
37.933,56.19,63.43
38.000,56.43,63.37
38.067,56.42,63.20
38.133,56.23,63.38
38.200,56.51,63.44
38.267,56.37,63.44
38.333,56.80,63.70
38.400,56.59,63.35
38.467,56.84,63.67
38.533,56.72,63.67
38.600,56.60,63.21
38.667,55.71,62.68
38.733,55.01,61.20
38.800,55.44,62.80
38.867,56.45,63.21
38.933,56.33,63.39
39.000,56.61,63.76
39.067,56.43,63.71
39.133,56.61,63.53
39.200,56.32,63.63
39.267,56.42,63.36
39.333,56.56,63.60
39.400,56.63,63.63
39.467,56.31,63.46
39.533,56.48,63.58
39.600,56.46,63.62
39.667,56.35,63.67
39.733,56.57,63.53
39.800,56.48,63.15
39.867,56.64,63.00
39.933,56.44,63.19
40.000,56.42,63.57
40.067,56.62,63.42
40.133,56.60,63.63
40.200,56.29,63.77
40.267,56.48,63.48
40.333,56.27,63.68
40.400,56.42,63.45
40.467,56.62,63.24
40.533,56.59,63.58
40.600,56.42,63.79
40.667,56.34,63.65
40.733,56.48,63.51
40.800,56.46,63.49
40.867,56.35,63.57
40.933,56.30,63.57
41.000,56.39,63.77
41.067,56.49,63.42
41.133,56.82,63.37
41.200,56.29,63.44
41.267,56.55,63.54
41.333,56.49,63.44
41.400,55.95,63.10
41.467,55.85,63.44
41.533,56.01,63.55
41.600,56.53,63.26
41.667,56.47,63.32
41.733,56.50,63.46
41.800,56.38,63.04
41.867,56.80,63.77
41.933,56.35,63.34
42.000,55.64,63.29
42.067,56.42,63.62
42.133,56.34,63.46
42.200,56.32,63.57
42.267,56.55,63.91
42.333,56.46,63.62
42.400,56.42,63.38
42.467,56.36,63.58
42.533,56.36,63.12
42.600,56.37,63.46
42.667,56.41,63.42
42.733,56.63,63.39
42.800,56.39,63.34
42.867,56.34,63.47
42.933,56.34,63.41
43.000,56.41,63.21
43.067,56.56,63.48
43.133,56.61,63.77
43.200,56.47,63.23
43.267,56.92,63.39
43.333,56.27,63.34
43.400,56.15,63.54
43.467,56.43,63.78
43.533,56.29,63.48
43.600,56.34,63.70
43.667,56.48,63.14
43.733,56.63,63.37
43.800,56.36,63.88
43.867,56.39,63.64
43.933,56.43,63.73
44.000,56.21,63.26
44.067,56.46,63.74
44.133,56.65,63.39
44.200,56.39,63.71
44.267,56.01,63.75
44.333,56.41,63.50
44.400,56.41,63.39
44.467,56.40,63.47
44.533,56.52,63.16
44.600,56.61,63.52
44.667,56.39,63.41
44.733,56.84,63.13
44.800,56.53,63.44
44.867,56.33,63.77
44.933,56.49,63.51
45.000,56.18,63.43
45.067,56.22,63.47
45.133,56.31,63.59
45.200,56.35,63.73
45.267,56.56,63.08
45.333,56.28,63.51
45.400,56.17,63.39
45.467,56.55,63.28
45.533,56.56,63.43
45.600,56.70,63.73
45.667,56.26,63.62
45.733,56.36,63.56
45.800,56.80,63.57
45.867,56.69,63.62
45.933,56.64,63.70
46.000,56.52,63.27
46.067,56.35,63.58
46.133,56.63,63.67
46.200,56.44,63.35
46.267,56.53,63.41
46.333,56.51,63.48
46.400,56.51,63.19
46.467,56.48,63.35
46.533,56.60,63.39
46.600,56.24,63.12
46.667,56.27,63.52
46.733,56.57,63.56
46.800,56.50,63.59
46.867,56.63,63.41
46.933,56.26,63.61
47.000,56.42,63.52
47.067,56.27,63.31
47.133,56.52,63.62
47.200,56.39,63.41
47.267,56.39,63.78
47.333,56.36,63.59
47.400,56.27,63.68
47.467,56.05,63.96
47.533,56.28,63.86
47.600,56.26,63.54
47.667,56.19,63.37
47.733,56.52,63.67
47.800,56.80,63.95
47.867,56.68,63.55
47.933,56.54,63.37
48.000,56.27,63.65
48.067,56.59,63.99
48.133,56.57,63.41
48.200,56.46,63.47
48.267,56.66,63.64
48.333,56.82,63.53
48.400,56.57,63.81
48.467,56.32,63.64
48.533,56.45,63.58
48.600,56.38,63.65
48.667,56.36,63.69
48.733,56.61,63.89
48.800,56.65,63.36
48.867,56.77,63.41
48.933,56.67,63.60
49.000,56.40,63.35
49.067,56.31,63.05
49.133,56.31,64.12
49.200,56.51,63.66
49.267,56.22,63.65
49.333,56.50,63.56
49.400,56.56,63.71
49.467,56.53,63.24
49.533,56.39,63.19
49.600,56.47,63.42
49.667,56.68,63.08
49.733,56.31,63.75
49.800,56.49,63.96
49.867,56.77,63.44
49.933,56.48,63.49
50.000,56.31,63.67
50.067,56.33,63.87
50.133,56.23,63.40
50.200,56.61,63.41
50.267,56.39,63.42
50.333,56.49,63.39
50.400,56.32,63.59
50.467,56.72,63.33
50.533,56.77,63.83
50.600,56.63,63.74
50.667,56.39,63.75
50.733,56.25,63.62
50.800,56.46,63.23
50.867,56.46,63.13
50.933,56.56,63.58
51.000,56.45,63.46
51.067,56.65,64.10
51.133,56.51,64.08
51.200,56.36,63.61
51.267,56.32,64.27
51.333,56.51,64.43
51.400,56.41,63.82
51.467,56.24,63.45
51.533,56.47,63.46
51.600,56.50,64.05
51.667,56.33,64.41
51.733,56.25,64.00
51.800,56.35,63.89
51.867,56.31,63.65
51.933,56.73,63.46
52.000,56.31,63.60
52.067,56.79,63.44
52.133,56.42,63.59
52.200,56.80,63.26
52.267,56.50,63.52
52.333,56.42,63.39
52.400,56.40,63.39
52.467,56.39,63.28
52.533,56.49,63.60
52.600,56.49,63.39
52.667,56.51,63.68
52.733,56.44,63.81
52.800,56.57,63.38
52.867,56.44,63.56
52.933,56.40,63.35
53.000,56.58,63.70
53.067,56.50,63.81
53.133,56.47,63.42
53.200,56.25,63.37
53.267,56.75,63.51
53.333,56.59,63.46
53.400,56.50,63.48
53.467,56.23,63.36
53.533,56.64,63.75
53.600,56.48,63.90
53.667,56.53,63.57
53.733,56.56,63.44
53.800,56.24,62.80
53.867,56.32,63.47
53.933,56.15,63.05
54.000,56.48,63.30
54.067,56.49,63.76
54.133,56.72,63.42
54.200,56.46,63.32
54.267,56.29,63.24
54.333,56.07,63.64
54.400,56.54,63.29
54.467,56.26,63.75
54.533,56.13,63.48
54.600,56.73,63.91
54.667,56.74,63.70
54.733,56.34,63.32
54.800,56.56,63.87
54.867,56.54,63.82
54.933,56.79,63.40
55.000,56.64,63.27
55.067,56.83,63.13
55.133,56.59,63.32
55.200,56.35,63.65
55.267,56.33,63.16
55.333,56.35,63.63
55.400,56.35,63.70
55.467,56.40,63.54
55.533,56.34,63.60
55.600,56.58,63.47
55.667,56.31,63.86
55.733,56.51,63.62
55.800,56.48,63.50
55.867,56.48,63.91
55.933,56.22,63.82
56.000,56.53,63.64
56.067,56.43,63.46
56.133,56.47,63.21
56.200,56.31,63.63
56.267,56.67,63.44
56.333,56.50,63.51
56.400,56.32,63.16
56.467,56.51,63.06
56.533,56.45,63.22
56.600,56.43,63.75
56.667,56.19,63.53
56.733,56.81,63.61
56.800,56.78,63.43
56.867,56.62,63.52
56.933,56.45,63.15
57.000,56.26,63.35
57.067,56.54,63.16
57.133,56.35,63.53
57.200,56.09,63.86
57.267,56.50,63.42
57.333,56.55,63.75
57.400,56.31,63.45
57.467,56.20,63.29
57.533,56.58,63.47
57.600,56.52,63.71
57.667,56.42,63.16
57.733,56.62,64.03
57.800,56.44,63.39
57.867,56.37,63.53
57.933,56.38,63.90
58.000,56.48,63.57
58.067,56.81,63.38
58.133,56.59,63.25
58.200,56.38,63.73
58.267,56.62,63.82
58.333,56.59,63.54
58.400,56.37,63.46
58.467,56.39,62.86
58.533,56.45,63.33
58.600,56.03,63.80
58.667,56.42,63.85
58.733,56.42,63.33
58.800,56.32,63.88
58.867,56.53,63.43
58.933,56.39,63.44
59.000,56.43,63.33
59.067,56.39,63.98
59.133,56.61,63.38
59.200,56.54,63.42
59.267,56.43,63.54
59.333,56.73,63.12
59.400,56.41,63.49
59.467,56.39,63.65
59.533,56.52,63.49
59.600,56.43,63.26
59.667,56.75,63.31
59.733,56.52,63.81
59.800,56.45,63.82
59.867,56.32,63.76
59.933,56.70,63.36
60.000,56.49,63.38
60.067,56.34,63.29
60.133,56.81,63.24
60.200,56.53,63.56
60.267,56.62,63.45
60.333,56.38,63.46
60.400,56.45,63.45
60.467,56.42,63.68
60.533,56.28,63.16
60.600,56.47,62.95
60.667,56.59,63.90
60.733,56.71,63.76
60.800,56.66,63.54
60.867,55.99,63.03
60.933,56.30,63.00
61.000,56.28,63.00
61.067,55.95,63.08
61.133,56.08,63.19
61.200,56.09,63.10
61.267,56.34,63.79
61.333,56.41,63.49
61.400,56.47,63.34
61.467,56.28,63.44
61.533,56.15,63.26
61.600,56.45,63.13
61.667,56.36,63.30
61.733,56.41,63.75
61.800,56.55,63.57
61.867,56.60,63.46
61.933,56.51,63.83
62.000,56.60,63.43
62.067,56.50,63.35
62.133,56.43,63.41
62.200,56.52,63.29
62.267,56.58,63.25
62.333,56.46,63.54
62.400,56.66,63.38
62.467,56.51,63.20
62.533,56.22,63.50
62.600,56.17,63.40
62.667,56.40,63.47
62.733,56.46,63.54
62.800,56.61,63.37
62.867,56.48,63.89
62.933,56.17,63.72
63.000,56.35,62.90
63.067,56.84,63.49
63.133,56.40,63.63
63.200,56.36,63.29
63.267,56.33,63.40
63.333,56.46,63.47
63.400,56.22,63.22
63.467,56.36,63.23
63.533,56.60,63.17
63.600,56.44,63.41
63.667,56.42,63.52
63.733,56.24,63.74
63.800,56.70,63.70
63.867,56.72,63.36
63.933,56.71,63.07
64.000,56.40,63.67
64.067,56.19,63.33
64.133,56.43,63.41
64.200,56.28,63.78
64.267,56.48,63.72
64.333,56.71,62.91
64.400,56.41,63.06
64.467,56.37,63.28
64.533,56.28,63.94
64.600,56.14,63.55
64.667,55.97,63.28
64.733,56.29,63.23
64.800,56.41,63.21
64.867,56.36,63.28
64.933,56.40,63.34
65.000,56.63,63.26
65.067,56.69,63.61
65.133,56.44,64.19
65.200,56.88,63.92
65.267,56.88,64.00
65.333,56.54,64.17
65.400,56.61,64.11
65.467,56.78,63.47
65.533,56.38,64.11
65.600,56.27,64.67
65.667,56.59,64.34
65.733,56.50,64.17
65.800,56.81,64.52
65.867,56.59,64.48
65.933,56.38,64.32
66.000,56.33,64.25
66.067,56.44,64.16
66.133,56.63,64.36
66.200,56.53,64.71
66.267,56.62,64.56
66.333,56.62,64.00
66.400,56.46,64.91
66.467,56.27,64.60
66.533,55.85,64.50
66.600,56.72,64.55
66.667,56.51,64.62
66.733,56.56,64.26
66.800,56.50,64.36
66.867,56.41,64.18
66.933,56.66,64.19
67.000,56.64,64.61
67.067,56.72,64.40
67.133,56.58,64.56
67.200,56.32,64.08
67.267,56.38,64.84
67.333,56.77,64.17
67.400,56.60,63.95
67.467,56.51,64.31
67.533,56.52,64.68
67.600,56.53,64.25
67.667,56.25,64.15
67.733,56.56,64.45
67.800,56.63,64.38
67.867,56.59,64.59
67.933,56.55,64.18
68.000,56.69,63.99
68.067,56.38,63.97
68.133,55.89,64.19
68.200,56.44,64.57
68.267,56.38,64.18
68.333,56.48,64.14
68.400,56.60,64.20
68.467,56.47,64.31
68.533,56.90,64.14
68.600,56.69,64.45
68.667,56.50,64.45
68.733,56.26,64.50
68.800,56.31,64.71
68.867,56.31,64.93
68.933,56.53,64.34
69.000,56.55,64.02
69.067,56.32,64.27
69.133,56.64,64.29
69.200,56.51,64.22
69.267,56.35,64.44
69.333,56.41,64.69
69.400,56.69,64.55
69.467,56.50,64.45
69.533,56.70,64.61
69.600,56.63,64.86
69.667,56.61,64.42
69.733,56.30,63.85
69.800,56.50,64.09
69.867,56.37,64.46
69.933,56.58,64.18
70.000,56.69,64.18
70.067,56.66,64.29
70.133,56.52,64.38
70.200,56.41,64.18
70.267,56.61,63.88
70.333,56.44,64.36
70.400,56.46,64.37
70.467,56.26,64.24
70.533,56.44,64.22
70.600,56.81,64.77
70.667,56.75,64.53
70.733,56.29,64.11
70.800,56.60,64.69
70.867,56.36,64.63
70.933,56.28,64.38
71.000,56.16,64.01
71.067,56.60,64.49
71.133,56.42,64.21
71.200,56.79,64.44
71.267,56.49,64.71
71.333,56.51,64.34
71.400,56.56,64.71
71.467,56.75,64.41
71.533,56.58,64.02
71.600,56.64,64.36
71.667,56.24,64.41
71.733,56.66,64.57
71.800,56.41,64.46
71.867,56.70,64.31
71.933,56.54,64.62
72.000,56.42,64.60
72.067,56.63,64.68
72.133,56.62,64.22
72.200,56.51,64.02
72.267,56.31,64.22
72.333,56.70,64.60
72.400,56.30,64.87
72.467,56.47,64.59
72.533,56.72,64.84
72.600,56.40,64.15
72.667,56.34,64.46
72.733,56.68,64.66
72.800,56.24,64.19
72.867,56.34,64.76
72.933,56.52,64.19
73.000,56.47,64.04
73.067,56.57,64.11
73.133,56.73,64.46
73.200,56.64,64.05
73.267,56.57,64.70
73.333,56.61,64.42
73.400,56.47,64.28
73.467,56.67,64.40
73.533,56.76,64.39
73.600,56.48,64.63
73.667,56.30,64.46
73.733,56.77,64.23
73.800,56.50,64.25
73.867,56.17,64.35
73.933,56.46,64.28
74.000,56.49,64.47
74.067,56.21,64.26
74.133,56.26,63.88
74.200,56.39,64.86
74.267,56.53,64.50
74.333,56.70,64.59
74.400,56.69,64.42
74.467,56.66,64.10
74.533,56.63,64.65
74.600,56.63,64.59
74.667,56.40,63.70
74.733,56.46,64.30
74.800,56.52,64.27
74.867,56.55,64.48
74.933,56.55,64.40
75.000,56.55,64.36
75.067,56.65,64.29
75.133,56.76,64.30
75.200,56.43,64.35
75.267,56.14,64.23
75.333,56.40,64.71
75.400,56.79,64.52
75.467,56.44,64.42
75.533,56.11,64.21
75.600,56.17,64.17
75.667,56.42,64.51
75.733,56.83,64.21
75.800,56.41,64.43
75.867,56.35,64.59
75.933,56.88,64.69
76.000,56.45,64.60
76.067,56.28,64.46
76.133,56.82,64.26
76.200,56.36,64.68
76.267,56.76,64.54
76.333,56.21,63.88
76.400,56.43,63.63
76.467,56.47,63.81
76.533,56.67,64.05
76.600,55.79,64.26
76.667,56.45,63.96
76.733,56.14,63.88
76.800,56.56,63.73
76.867,56.73,64.18
76.933,56.65,63.86
77.000,56.49,64.04
77.067,56.31,63.99
77.133,56.40,63.92
77.200,56.39,63.75
77.267,56.66,63.46
77.333,56.75,63.62
77.400,56.47,63.64
77.467,56.71,63.65
77.533,56.19,63.55
77.600,56.42,63.65
77.667,56.41,63.75
77.733,56.29,63.81
77.800,56.56,63.52
77.867,56.78,63.89
77.933,56.78,63.63
78.000,56.49,63.75
78.067,56.01,63.83
78.133,56.43,63.54
78.200,56.70,63.52
78.267,56.67,63.87
78.333,56.62,63.83
78.400,56.25,63.29
78.467,56.66,63.70
78.533,56.37,63.47
78.600,56.50,63.52
78.667,56.36,63.27
78.733,56.86,63.53
78.800,56.68,63.52
78.867,56.47,63.42
78.933,56.73,63.71
79.000,56.35,64.03
79.067,56.41,63.24
79.133,56.38,63.83
79.200,56.32,63.98
79.267,56.32,63.31
79.333,56.67,63.76
79.400,56.46,63.95
79.467,56.39,63.49
79.533,56.50,63.28
79.600,56.67,63.45
79.667,56.33,63.79
79.733,56.71,63.99
79.800,56.52,64.05
79.867,56.60,63.38
79.933,56.23,63.67
80.000,56.54,63.39
80.067,56.31,63.57
80.133,56.58,63.93
80.200,56.46,63.89
80.267,56.55,63.75
80.333,56.73,63.59
80.400,56.75,63.70
80.467,56.57,63.94
80.533,56.62,63.54
80.600,56.66,63.31
80.667,56.33,63.36
80.733,56.19,63.46
80.800,56.31,63.57
80.867,56.34,63.54
80.933,56.71,63.81
81.000,56.76,63.58
81.067,56.55,63.48
81.133,56.29,63.15
81.200,56.64,63.93
81.267,56.37,63.86
81.333,56.47,63.38
81.400,56.58,63.40
81.467,56.64,63.72
81.533,56.69,63.80
81.600,56.31,63.38
81.667,56.10,63.33
81.733,56.57,63.49
81.800,56.49,64.09
81.867,56.53,63.72
81.933,56.57,63.44
82.000,56.54,63.63
82.067,56.56,63.50
82.133,56.54,63.37
82.200,56.34,63.27
82.267,56.28,63.42
82.333,56.52,63.88
82.400,56.44,63.69
82.467,56.47,63.60
82.533,56.24,63.99
82.600,56.82,63.51
82.667,56.70,63.51
82.733,56.46,63.44
82.800,56.26,62.60
82.867,56.07,63.38
82.933,56.49,63.04
83.000,56.50,64.00
83.067,56.38,63.60
83.133,56.34,64.33
83.200,56.73,64.68
83.267,56.66,63.77
83.333,56.61,63.82
83.400,56.34,63.58
83.467,56.65,63.48
83.533,56.67,63.68
83.600,56.84,63.88
83.667,56.26,63.66
83.733,56.48,63.75
83.800,56.50,63.75
83.867,56.35,63.63
83.933,56.71,63.64
84.000,56.52,63.65
84.067,56.69,63.64
84.133,56.73,63.93
84.200,56.72,63.62
84.267,56.31,63.77
84.333,56.45,63.72
84.400,56.49,63.71
84.467,56.46,62.74
84.533,56.44,63.18
84.600,56.48,63.42
84.667,56.86,63.57
84.733,56.68,63.88
84.800,56.57,63.19
84.867,56.16,63.27
84.933,56.59,63.56
85.000,56.37,63.16
85.067,56.57,63.32
85.133,56.48,63.76
85.200,56.57,63.68
85.267,56.22,63.44
85.333,56.35,63.32
85.400,56.44,63.78
85.467,56.39,63.68
85.533,56.65,63.94
85.600,56.70,63.63
85.667,56.46,63.76
85.733,56.74,63.77
85.800,56.46,63.60
85.867,56.72,63.67
85.933,56.25,63.31
86.000,56.31,63.62
86.067,56.61,63.55
86.133,56.42,63.79
86.200,56.69,63.76
86.267,56.39,63.64
86.333,56.91,63.25
86.400,56.42,63.77
86.467,56.38,63.68
86.533,56.29,63.79
86.600,56.66,63.38
86.667,56.41,63.82
86.733,56.54,63.44
86.800,56.50,63.53
86.867,56.62,63.33
86.933,56.57,63.65
87.000,56.72,63.64
87.067,56.53,63.56
87.133,56.55,63.42
87.200,56.41,63.39
87.267,56.54,63.30
87.333,56.13,63.34
87.400,56.23,63.48
87.467,56.78,63.47
87.533,56.70,63.84
87.600,56.74,63.68
87.667,56.41,63.74
87.733,56.37,63.61
87.800,56.20,63.33
87.867,56.22,63.11
87.933,56.56,63.70
88.000,56.50,63.32
88.067,56.05,63.45
88.133,56.72,63.46
88.200,56.66,64.06
88.267,56.45,64.04
88.333,56.91,63.92
88.400,56.24,63.63
88.467,56.32,63.69
88.533,56.64,63.74
88.600,56.84,63.73
88.667,56.46,63.93
88.733,56.38,63.86
88.800,56.32,63.57
88.867,56.55,63.86
88.933,56.72,63.70
89.000,56.66,63.43
89.067,56.51,63.59
89.133,56.55,63.49
89.200,56.44,63.58
89.267,56.44,63.30
89.333,56.60,63.16
89.400,56.40,63.60
89.467,56.35,63.71
89.533,56.44,63.94
89.600,56.48,63.53
89.667,56.68,63.40
89.733,56.33,63.74
89.800,56.40,63.72
89.867,56.43,63.95
89.933,56.53,63.81
90.000,56.51,63.50
90.067,56.58,63.33
90.133,56.69,63.53
90.200,56.67,63.22
90.267,56.77,63.25
90.333,56.64,63.40
90.400,57.02,63.71
90.467,56.43,63.61
90.533,56.33,63.66
90.600,56.60,63.38
90.667,56.71,63.49
90.733,56.70,63.65
90.800,56.50,63.76
90.867,56.48,63.23
90.933,56.49,63.73
91.000,56.51,63.75
91.067,56.47,63.86
91.133,56.36,63.25
91.200,56.35,63.23
91.267,56.92,64.02
91.333,56.43,63.92
91.400,56.46,63.84
91.467,56.66,63.90
91.533,56.75,63.87
91.600,56.20,63.47
91.667,56.81,63.63
91.733,56.66,63.74
91.800,56.39,63.29
91.867,56.42,63.61
91.933,56.73,63.68
92.000,56.36,63.84
92.067,56.23,63.28
92.133,56.53,63.60
92.200,56.45,63.41
92.267,56.65,63.14
92.333,56.45,63.79
92.400,56.59,63.23
92.467,56.23,63.74
92.533,56.30,64.07
92.600,56.38,63.43
92.667,56.82,64.19
92.733,56.51,63.90
92.800,56.52,64.08
92.867,56.80,63.86
92.933,56.84,64.19
93.000,56.43,63.95
93.067,56.50,64.19
93.133,56.74,63.98
93.200,56.27,64.02
93.267,56.48,64.37
93.333,56.60,63.89
93.400,56.34,64.05
93.467,56.03,63.73
93.533,56.38,63.93
93.600,56.48,63.63
93.667,56.27,63.83
93.733,56.68,63.94
93.800,56.41,63.01
93.867,56.49,63.70
93.933,56.24,63.90
94.000,56.61,63.75
94.067,56.37,64.01
94.133,56.98,63.68
94.200,56.37,63.87
94.267,56.61,63.62
94.333,56.58,63.50
94.400,56.70,63.60
94.467,56.71,63.70
94.533,56.64,63.77
94.600,56.41,63.87
94.667,56.33,63.87
94.733,56.49,63.54
94.800,56.37,63.56
94.867,56.19,63.74
94.933,56.38,63.67
95.000,56.46,63.55
95.067,56.56,63.41
95.133,56.70,63.34
95.200,56.54,63.43
95.267,56.56,63.76
95.333,56.41,63.44
95.400,56.57,63.77
95.467,56.43,63.35
95.533,56.37,63.66
95.600,56.75,64.02
95.667,56.71,63.81
95.733,56.21,63.67
95.800,56.33,63.57
95.867,56.69,63.73
95.933,56.56,63.56
96.000,56.65,63.50
96.067,56.22,63.67
96.133,56.44,63.68
96.200,56.73,63.65
96.267,56.93,63.71
96.333,56.53,63.51
96.400,56.43,63.39
96.467,56.60,63.71
96.533,56.39,63.86
96.600,56.30,63.71
96.667,56.44,63.70
96.733,56.35,63.12
96.800,56.30,63.39
96.867,56.61,63.45
96.933,56.78,64.08
97.000,56.55,63.78
97.067,56.19,63.64
97.133,56.64,63.72
97.200,56.34,63.68
97.267,56.07,63.07
97.333,56.51,63.70
97.400,56.34,63.91
97.467,56.52,63.50
97.533,56.42,63.78
97.600,56.88,63.50
97.667,56.65,63.45
97.733,56.31,63.69
97.800,56.53,63.86
97.867,56.51,63.73
97.933,56.17,63.89
98.000,56.82,63.42
98.067,56.60,63.74
98.133,56.36,63.56
98.200,56.46,63.86
98.267,56.62,63.58
98.333,56.69,63.03
98.400,56.34,63.40
98.467,56.69,63.40
98.533,56.46,64.11
98.600,56.48,63.93
98.667,56.83,63.73
98.733,56.62,63.64
98.800,56.26,63.36
98.867,56.29,63.11
98.933,56.38,64.08
99.000,56.47,64.08
99.067,56.87,64.00
99.133,56.53,64.72
99.200,56.55,64.11
99.267,56.36,63.85
99.333,55.95,63.74
99.400,56.36,64.06
99.467,56.37,64.12
99.533,56.34,64.24
99.600,56.69,64.03
99.667,56.40,64.18
99.733,56.38,64.13
99.800,56.73,64.24
99.867,56.73,64.28
99.933,56.66,64.41
100.000,56.24,64.35
100.067,56.39,64.19
100.133,56.49,64.42
100.200,56.73,64.35
100.267,56.38,65.00
100.333,56.50,64.57
100.400,56.53,64.25
100.467,56.12,64.41
100.533,56.39,64.27
100.600,56.59,64.47
100.667,56.83,64.21
100.733,56.33,64.12
100.800,56.63,64.47
100.867,56.35,64.48
100.933,56.72,64.10
101.000,56.45,64.50
101.067,56.53,64.60
101.133,56.56,64.77
101.200,56.42,64.40
101.267,56.53,64.15
101.333,56.66,64.18
101.400,56.46,64.58
101.467,56.25,63.52
101.533,56.51,64.37
101.600,56.53,64.58
101.667,56.75,64.26
101.733,56.45,64.27
101.800,56.48,64.46
101.867,56.41,63.93
101.933,56.53,64.42
102.000,56.62,64.37
102.067,56.68,64.17
102.133,56.43,64.46
102.200,56.41,64.41
102.267,56.44,64.42
102.333,56.73,64.28
102.400,56.65,64.71
102.467,56.57,64.45
102.533,56.57,64.06
102.600,56.30,64.43
102.667,56.50,64.36
102.733,56.49,64.55
102.800,56.34,64.03
102.867,56.35,65.10
102.933,56.63,64.74
103.000,56.49,64.99
103.067,56.36,64.59
103.133,56.60,64.28
103.200,56.54,63.92
103.267,56.46,64.37
103.333,56.48,64.67
103.400,56.89,64.59
103.467,56.44,64.38
103.533,56.28,64.76
103.600,56.53,64.45
103.667,56.70,64.29
103.733,56.77,64.43
103.800,56.15,64.61
103.867,56.85,63.79
103.933,56.53,63.87
104.000,56.53,64.25
104.067,56.58,64.15
104.133,56.70,64.00
104.200,56.50,64.15
104.267,56.55,64.28
104.333,56.43,64.09
104.400,56.21,63.80
104.467,56.36,64.39
104.533,56.57,64.34
104.600,56.67,63.95
104.667,56.42,64.30
104.733,56.33,63.85
104.800,56.54,63.68
104.867,56.51,63.75
104.933,56.59,63.47
105.000,56.60,64.23
105.067,56.37,64.14
105.133,56.30,64.03
105.200,56.14,64.21
105.267,56.31,64.37
105.333,56.58,64.32
105.400,56.84,64.40
105.467,56.69,64.41
105.533,56.22,64.57
105.600,56.40,64.53
105.667,56.65,64.04
105.733,56.71,64.63
105.800,56.41,64.67
105.867,56.61,64.03
105.933,56.70,64.63
106.000,56.36,64.22
106.067,56.56,64.23
106.133,56.72,64.44
106.200,56.54,64.69
106.267,56.50,64.86
106.333,56.14,64.53
106.400,56.69,64.21
106.467,56.78,64.43
106.533,56.73,64.09
106.600,56.66,64.13
106.667,56.85,64.42
106.733,56.18,63.98
106.800,56.52,64.21
106.867,56.49,64.16
106.933,56.66,64.35
107.000,56.56,64.15
107.067,56.62,64.61
107.133,56.21,64.74
107.200,56.55,64.28
107.267,56.68,64.42
107.333,56.57,64.15
107.400,56.78,64.34
107.467,56.69,64.83
107.533,56.51,64.48
107.600,56.65,64.40
107.667,56.28,64.49
107.733,56.34,64.22
107.800,56.62,64.28
107.867,56.48,64.44
107.933,56.40,64.83
108.000,56.52,64.50
108.067,56.46,64.85
108.133,56.39,64.26
108.200,56.54,64.32
108.267,56.53,64.57
108.333,56.27,64.66
108.400,56.52,64.83
108.467,56.68,64.30
108.533,56.41,64.27
108.600,56.28,64.17
108.667,56.44,64.21
108.733,56.59,64.61
108.800,56.14,64.57
108.867,56.66,64.15
108.933,56.35,64.40
109.000,56.34,64.31
109.067,56.74,64.02
109.133,56.49,64.22
109.200,56.34,64.29
109.267,56.83,64.20
109.333,56.59,64.31
109.400,56.49,64.50
109.467,56.28,64.56
109.533,56.67,64.36
109.600,56.36,64.34
109.667,56.67,64.67
109.733,56.32,64.68
109.800,56.61,64.72
109.867,56.77,64.29
109.933,56.37,64.18
110.000,56.58,64.23
110.067,56.58,64.28
110.133,56.50,64.23
110.200,56.55,64.29
110.267,56.60,64.11
110.333,56.51,64.84
110.400,56.55,64.50
110.467,56.36,64.48
110.533,56.25,64.65
110.600,56.61,64.50
110.667,56.18,64.29
110.733,56.74,63.76
110.800,56.58,64.38
110.867,56.63,64.53
110.933,56.52,64.31
111.000,56.40,64.62
111.067,56.80,64.26
111.133,56.15,64.25
111.200,56.55,64.24
111.267,56.13,64.65
111.333,56.36,64.56
111.400,56.64,64.50
111.467,56.68,64.66
111.533,56.33,64.12
111.600,56.67,63.96
111.667,56.63,64.09
111.733,56.69,64.15
111.800,56.61,64.15
111.867,56.35,63.94
111.933,56.65,64.06
112.000,56.22,64.26
112.067,56.49,64.29
112.133,56.51,64.74
112.200,55.95,63.35
112.267,56.35,64.13
112.333,56.81,64.44
112.400,56.20,64.10
112.467,56.06,64.53
112.533,56.48,64.75
112.600,56.49,64.50
112.667,56.76,64.45
112.733,56.39,64.30
112.800,56.46,64.47
112.867,56.59,64.69
112.933,56.45,64.25
113.000,56.64,64.47
113.067,56.28,64.36
113.133,56.52,64.28
113.200,56.55,64.48
113.267,56.75,64.43
113.333,56.52,64.47
113.400,56.53,64.04
113.467,56.72,64.43
113.533,56.41,64.66
113.600,56.41,63.90
113.667,56.61,64.08
113.733,56.36,64.20
113.800,56.03,64.03
113.867,56.16,64.28
113.933,56.50,64.63
114.000,56.69,64.03
114.067,56.36,64.44
114.133,56.49,64.65
114.200,56.50,64.54
114.267,56.31,64.55
114.333,56.42,64.02
114.400,56.47,64.62
114.467,56.86,64.36
114.533,56.56,64.11
114.600,56.95,64.20
114.667,56.23,64.66
114.733,56.45,64.37
114.800,56.73,64.28
114.867,56.56,64.71
114.933,56.55,64.63
115.000,56.26,64.54
115.067,56.43,64.00
115.133,56.08,64.26
115.200,56.50,64.25
115.267,56.72,64.34
115.333,56.35,64.32
115.400,56.56,64.37
115.467,56.59,64.89
115.533,56.46,64.17
115.600,56.34,64.31
115.667,56.50,63.75
115.733,56.50,63.92
115.800,56.65,64.61
115.867,56.47,64.25
115.933,56.61,63.98
116.000,55.95,64.07
116.067,56.18,64.03
116.133,56.29,63.55
116.200,56.47,64.30
116.267,56.25,64.23
116.333,56.47,64.48
116.400,56.39,64.30
116.467,56.50,64.03
116.533,56.42,64.59
116.600,56.62,64.78
116.667,56.46,64.37
116.733,56.60,64.64
116.800,56.55,64.05
116.867,56.65,64.42
116.933,56.56,64.53
117.000,56.62,64.21
117.067,56.16,64.52
117.133,56.46,63.94
117.200,56.58,64.16
117.267,56.12,63.95
117.333,56.36,63.88
117.400,56.29,64.11
117.467,56.73,64.76
117.533,56.51,64.10
117.600,56.54,64.29
117.667,56.51,64.15
117.733,56.22,64.03
117.800,56.50,64.47
117.867,56.69,64.22
117.933,56.56,64.24
118.000,56.42,64.71
118.067,56.49,64.72
118.133,56.35,64.69
118.200,56.60,64.55
118.267,56.46,64.19
118.333,56.66,64.37
118.400,56.29,64.01
118.467,56.49,64.33
118.533,56.77,64.78
118.600,56.68,64.18
118.667,56.53,64.14
118.733,56.28,64.00
118.800,56.34,63.92
118.867,56.42,64.27
118.933,56.58,63.72
119.000,56.69,63.77
119.067,56.39,63.97
119.133,56.69,64.23
119.200,56.42,63.94
119.267,56.61,63.92
119.333,56.44,63.67
119.400,56.54,63.44
119.467,56.88,63.98
119.533,56.44,63.91
119.600,56.77,63.80
119.667,56.45,63.34
119.733,56.55,63.94
119.800,56.24,64.05
119.867,56.83,63.40
119.933,56.19,63.77
120.000,56.22,63.88
120.067,56.52,63.67
120.133,56.38,63.59
120.200,56.41,63.75
120.267,56.59,63.41
120.333,56.68,63.57
120.400,56.37,63.78
120.467,56.61,63.71
120.533,56.69,63.66
120.600,56.62,63.80
120.667,56.82,63.54
120.733,56.31,63.64
120.800,56.48,63.75
120.867,56.26,63.66
120.933,56.50,63.45
121.000,56.45,63.62
121.067,56.40,63.81
121.133,56.41,63.97
121.200,56.34,63.18
121.267,56.40,62.82
121.333,56.24,62.67
121.400,56.54,63.53
121.467,57.01,63.61
121.533,56.84,63.52
121.600,56.92,63.56
121.667,56.71,63.48
121.733,56.34,63.73
121.800,56.57,63.60
121.867,56.48,63.38
121.933,56.66,63.18
122.000,56.42,63.28
122.067,56.65,63.90
122.133,56.68,63.56
122.200,56.46,63.50
122.267,56.73,63.59
122.333,56.63,63.67
122.400,56.67,64.02
122.467,56.51,63.58
122.533,56.60,63.83
122.600,56.52,64.10
122.667,56.72,63.57
122.733,56.00,63.42
122.800,55.95,63.94
122.867,56.14,63.55
122.933,56.41,63.53
123.000,56.27,63.58
123.067,56.52,63.64
123.133,56.42,63.73
123.200,56.58,63.19
123.267,56.13,63.23
123.333,56.46,63.45
123.400,56.20,63.66
123.467,56.63,64.02
123.533,56.50,63.51

