t,x,y
0.000,218.0,202.0
0.067,207.0,206.5
0.133,207.0,206.5
0.200,207.3,204.8
0.267,206.9,204.6
0.333,205.4,204.7
0.400,206.7,203.1
0.467,205.9,202.9
0.533,204.9,202.9
0.600,203.0,204.4
0.667,203.7,204.6
0.733,203.9,204.9
0.800,205.9,203.1
0.867,205.3,205.0
0.933,207.1,204.1
1.000,204.5,207.0
1.067,213.0,203.5
1.133,213.8,203.2
1.200,213.8,203.2
1.267,215.2,202.8
1.333,204.0,207.0
1.400,202.7,208.7
1.467,202.8,208.8
1.533,203.4,208.6
1.600,211.9,214.0
1.667,206.0,207.0
1.733,205.3,207.3
1.800,205.7,206.5
1.867,206.8,205.6
1.933,206.9,206.0
2.000,206.8,205.6
2.067,206.0,205.0
2.133,205.6,205.8
2.200,206.6,204.8
2.267,206.0,205.0
2.333,205.6,205.5
2.400,204.0,207.5
2.467,204.3,207.2
2.533,205.0,206.8
2.600,203.7,207.3
2.667,202.1,209.8
2.733,205.0,209.5
2.800,205.4,209.2
2.867,208.6,207.1
2.933,208.0,201.5
3.000,208.9,201.0
3.067,209.6,200.2
3.133,210.0,199.0
3.200,209.6,198.6
3.267,210.5,198.4
3.333,210.4,198.5
3.400,211.6,196.8
3.467,216.7,197.9
3.533,214.2,199.3
3.600,214.0,198.7
3.667,213.7,199.5
3.733,213.9,199.4
3.800,211.8,197.7
3.867,212.4,197.4
3.933,211.4,198.6
4.000,209.4,198.2
4.067,205.7,197.6
4.133,201.8,197.5
4.200,204.0,196.7
4.267,203.0,196.8
4.333,200.3,197.5
4.400,202.0,197.4
4.467,201.2,196.8
4.533,197.5,196.7
4.600,195.5,198.9
4.667,216.0,197.5
4.733,220.5,197.0
4.800,226.0,195.5
4.867,226.8,195.4
4.933,226.5,195.5
5.000,225.2,195.1
5.067,223.7,194.0
5.133,222.8,192.9
5.200,224.2,193.2
5.267,224.6,193.7
5.333,220.9,194.9
5.400,219.0,193.5
5.467,223.0,194.0
5.533,221.5,194.0
5.600,219.2,194.0
5.667,220.0,193.5
5.733,218.9,192.4
5.800,221.4,191.8
5.867,223.3,194.4
5.933,222.0,195.0
6.000,223.1,195.0
6.067,222.5,195.0
6.133,220.4,195.9
6.200,220.2,196.3
6.267,222.8,195.2
6.333,213.0,194.0
6.400,211.8,194.7
6.467,211.4,195.4
6.533,211.7,194.6
6.600,212.9,193.9
6.667,213.0,194.0
6.733,212.8,194.8
6.800,214.0,193.9
6.867,212.0,194.9
6.933,219.5,193.5
7.000,221.7,194.3
7.067,223.5,194.8
7.133,226.5,195.8
7.200,226.7,196.2
7.267,226.3,196.8
7.333,223.3,195.3
7.400,221.6,194.2
7.467,220.5,193.8
7.533,221.9,194.7
7.600,221.2,194.3
7.667,221.0,194.7
7.733,223.2,195.2
7.800,224.5,194.3
7.867,223.4,195.8
7.933,218.1,195.2
8.000,216.1,192.1
8.067,217.7,190.7
8.133,216.0,190.4
8.200,213.5,189.2
8.267,214.6,190.9
8.333,215.2,190.9
8.400,212.8,191.6
8.467,213.3,190.3
8.533,214.5,189.0
8.600,220.0,184.0
8.667,216.3,184.0
8.733,216.6,182.6
8.800,215.5,183.8
8.867,217.1,182.6
8.933,213.8,177.3
9.000,214.3,174.2
9.067,214.7,170.3
9.133,217.6,170.7
9.200,220.1,171.7
9.267,221.1,173.2
9.333,222.9,169.8
9.400,223.0,170.1
9.467,221.3,168.4
9.533,223.1,165.7
9.600,221.5,164.9
9.667,223.7,167.7
9.733,222.9,169.1
9.800,219.9,168.4
9.867,220.7,170.4
9.933,217.0,173.5
10.000,216.5,174.7
10.067,215.6,176.5
10.133,215.5,178.0
10.200,220.0,176.6
10.267,221.8,174.9
10.333,217.9,174.7
10.400,212.0,175.0
10.467,209.0,173.7
10.533,208.7,171.7
10.600,210.8,172.5
10.667,213.8,173.0
10.733,213.1,173.4
10.800,210.7,176.1
10.867,211.0,174.7
10.933,210.0,174.7
11.000,210.7,173.9
11.067,213.4,169.5
11.133,212.2,166.6
11.200,212.1,164.3
11.267,213.1,164.5
11.333,212.8,166.0
11.400,211.9,165.6
11.467,209.0,168.0
11.533,210.2,170.1
11.600,209.1,170.0
11.667,209.6,170.1
11.733,208.5,172.7
11.800,207.3,171.1
11.867,205.2,164.8
11.933,204.6,164.9
12.000,201.2,161.3
12.067,199.6,160.9
12.133,198.9,163.2
12.200,197.0,162.0
12.267,196.7,163.4
12.333,196.8,165.2
12.400,194.7,168.1
12.467,196.0,167.4
12.533,196.7,165.7
12.600,196.1,166.0
12.667,195.8,167.6
12.733,196.5,167.6
12.800,197.8,167.8
12.867,199.8,168.5
12.933,203.9,169.9
13.000,202.5,171.0
13.067,204.0,172.9
13.133,203.8,174.7
13.200,205.3,172.8
13.267,202.2,172.9
13.333,204.0,172.4
13.400,204.8,173.2
13.467,201.2,176.5
13.533,204.8,177.2
13.600,205.1,182.9
13.667,206.1,182.2
13.733,209.4,181.7
13.800,208.3,182.2
13.867,209.9,181.9
13.933,205.9,183.3
14.000,204.0,185.5
14.067,202.1,186.9
14.133,201.9,185.9
14.200,204.1,184.9
14.267,201.9,185.8
14.333,198.0,185.5
14.400,198.0,186.3
14.467,198.0,183.0
14.533,197.1,184.1
14.600,194.9,185.1
14.667,193.5,191.0
14.733,191.4,193.2
14.800,185.5,199.0
14.867,182.5,189.0
14.933,180.0,197.0
15.000,184.5,205.5
15.067,182.5,209.5
15.133,186.0,207.0
15.200,180.5,207.0
15.267,158.5,190.0
15.333,175.5,185.5
15.400,172.5,184.5
15.467,168.8,191.5
15.533,166.7,192.9
15.600,169.5,192.0
15.667,168.9,191.3
15.733,166.7,187.0
15.800,165.0,186.7
15.867,169.6,185.4
15.933,168.7,186.1
16.000,165.3,192.2
16.067,163.4,190.3
16.133,159.8,187.9
16.200,159.2,184.8
16.267,157.5,179.0
16.333,156.2,177.9
16.400,156.7,179.8
16.467,159.4,177.4
16.533,159.9,178.3
16.600,162.1,176.6
16.667,162.8,177.3
16.733,164.0,178.6
16.800,162.5,182.5
16.867,162.4,181.5
16.933,162.3,185.4
17.000,161.5,192.0
17.067,163.4,190.3
17.133,165.0,194.5
17.200,165.0,195.0
17.267,163.2,196.4
17.333,164.8,193.9
17.400,167.4,189.7
17.467,174.0,186.0
17.533,168.5,186.5
17.600,168.5,193.5
17.667,167.5,188.5
17.733,166.5,191.0
17.800,164.3,190.0
17.867,159.4,189.9
17.933,156.6,190.7
18.000,154.0,193.0
18.067,154.0,196.9
18.133,154.9,193.9
18.200,155.8,190.1
18.267,158.9,185.1
18.333,155.9,184.4
18.400,158.5,182.5
18.467,161.7,181.4
18.533,162.3,184.3
18.600,159.7,186.7
18.667,157.3,188.5
18.733,153.3,186.9
18.800,154.0,183.5
18.867,155.9,183.1
18.933,158.1,183.8
19.000,158.7,181.3
19.067,159.3,178.6
19.133,158.4,180.0
19.200,159.9,179.5
19.267,156.9,181.3
19.333,158.7,180.2
19.400,161.0,179.8
19.467,161.2,180.9
19.533,165.0,179.0
19.600,164.7,180.9
19.667,170.6,179.8
19.733,173.2,179.3
19.800,168.0,182.0
19.867,164.4,184.4
19.933,168.7,186.9
20.000,171.1,184.2
20.067,173.0,180.2
20.133,173.0,180.7
20.200,170.8,179.5
20.267,172.0,172.8
20.333,164.5,177.0
20.400,163.4,173.6
20.467,168.1,168.8
20.533,172.3,168.6
20.600,177.6,168.5
20.667,178.6,168.0
20.733,182.4,165.4
20.800,182.3,165.0
20.867,181.5,164.5
20.933,183.4,164.2
21.000,181.4,163.0
21.067,180.5,156.5
21.133,180.3,155.8
21.200,184.5,158.6
21.267,185.3,156.5
21.333,184.8,156.8
21.400,182.8,157.0
21.467,182.5,161.2
21.533,184.6,162.6
21.600,184.4,164.4
21.667,186.6,162.5
21.733,190.6,161.2
21.800,193.3,159.5
21.867,194.3,157.3
21.933,193.4,159.7
22.000,189.5,173.5
22.067,189.5,176.6
22.133,190.6,177.7
22.200,188.1,178.4
22.267,181.0,180.5
22.333,180.0,175.0
22.400,180.3,176.4
22.467,178.4,176.4
22.533,176.6,175.9
22.600,177.8,173.9
22.667,176.8,174.8
22.733,174.2,180.9
22.800,175.7,176.8
22.867,175.0,178.8
22.933,172.0,180.5
23.000,169.2,182.3
23.067,168.9,180.0
23.133,173.4,178.1
23.200,175.8,177.3
23.267,177.5,179.6
23.333,179.0,178.1
23.400,175.3,178.1
23.467,172.6,178.7
23.533,174.4,178.1
23.600,172.7,178.1
23.667,172.9,177.8
23.733,176.0,177.5
23.800,179.1,178.7
23.867,176.5,178.8
23.933,176.1,178.1
24.000,173.9,179.6
24.067,173.0,179.5
24.133,175.9,181.0
24.200,174.2,179.8
24.267,168.0,182.8
24.333,165.1,182.7
24.400,165.0,186.1
24.467,165.1,190.6
24.533,165.7,192.8
24.600,167.6,193.1
24.667,166.1,193.2
24.733,162.4,192.9
24.800,158.0,194.8
24.867,158.6,193.8
24.933,158.8,193.8
25.000,158.7,193.4
25.067,158.0,195.8
25.133,157.6,194.7
25.200,156.7,195.5
25.267,155.5,195.7
25.333,155.1,196.2
25.400,155.4,196.0
25.467,154.2,196.6
25.533,153.7,198.8
25.600,152.6,196.5
25.667,155.3,196.6
25.733,153.7,197.6
25.800,153.5,197.7
25.867,151.4,198.7
25.933,152.6,198.8
26.000,155.2,195.9
26.067,157.4,195.5
26.133,155.7,196.2
26.200,154.6,196.6
26.267,154.4,196.0
26.333,154.5,198.3
26.400,154.4,197.7
26.467,158.1,195.3
26.533,159.7,190.1
26.600,160.4,188.6
26.667,155.7,177.8
26.733,153.7,178.6
26.800,153.6,178.5
26.867,154.5,180.7
26.933,154.1,182.2
27.000,154.9,183.4
27.067,157.8,180.3
27.133,160.7,181.3
27.200,159.9,181.6
27.267,156.5,181.0
27.333,158.8,180.5
27.400,160.8,177.2
27.467,161.6,175.9
27.533,158.6,175.7
27.600,156.9,176.9
27.667,151.6,176.4
27.733,148.4,176.1
27.800,146.0,178.1
27.867,145.1,178.7
27.933,147.3,178.8
28.000,147.8,175.9
28.067,147.7,170.3
28.133,150.7,171.5
28.200,148.4,175.4
28.267,149.0,175.8
28.333,153.3,173.4
28.400,151.4,172.5
28.467,149.1,173.5
28.533,149.0,174.7
28.600,152.2,179.2
28.667,151.5,183.1
28.733,151.3,181.8
28.800,150.8,184.2
28.867,149.0,181.7
28.933,150.0,186.1
29.000,151.1,185.2
29.067,152.7,183.3
29.133,150.8,183.0
29.200,151.2,184.1
29.267,151.2,184.1
29.333,150.1,188.7
29.400,152.8,185.0
29.467,151.4,188.8
29.533,151.0,190.5
29.600,149.1,187.0
29.667,145.1,185.9
29.733,145.4,188.4
29.800,148.4,189.2
29.867,150.2,189.0
29.933,148.6,188.4
30.000,146.4,188.4
30.067,148.1,188.6
30.133,147.8,187.4
30.200,143.9,186.6
30.267,143.7,182.7
30.333,141.6,185.5
30.400,143.0,187.5
30.467,146.8,191.3
30.533,148.1,192.2
30.600,145.8,198.2
30.667,145.7,199.3
30.733,146.5,200.2
30.800,144.1,200.0
30.867,139.6,201.4
30.933,138.6,199.6
31.000,141.0,200.3
31.067,143.4,200.5
31.133,143.9,200.4
31.200,141.4,201.8
31.267,139.6,204.1
31.333,138.3,203.4
31.400,136.9,203.3
31.467,138.9,206.7
31.533,139.5,205.2
31.600,139.2,205.3
31.667,134.7,206.4
31.733,130.8,208.7
31.800,130.7,207.1
31.867,130.2,204.3
31.933,130.1,204.1
32.000,127.6,205.4
32.067,126.5,204.9
32.133,125.4,204.6
32.200,123.4,205.0
32.267,123.1,205.0
32.333,119.7,207.8
32.400,118.6,209.4
32.467,121.4,212.9
32.533,123.4,213.5
32.600,127.0,210.9
32.667,126.7,209.1
32.733,121.8,209.0
32.800,121.1,210.8
32.867,123.9,210.0
32.933,122.9,211.0
33.000,124.5,209.3
33.067,124.5,213.0
33.133,123.1,214.2
33.200,124.3,214.0
33.267,125.3,215.0
33.333,128.9,214.7
33.400,130.0,211.0
33.467,130.1,214.1
33.533,128.5,214.0
33.600,128.5,216.1
33.667,125.7,220.0
33.733,121.7,221.7
33.800,120.8,224.0
33.867,126.0,223.3
33.933,125.0,223.9
34.000,121.1,221.0
34.067,117.4,218.9
34.133,113.1,221.3
34.200,112.5,224.6
34.267,111.4,228.6
34.333,109.8,229.4
34.400,109.2,233.2
34.467,106.7,232.9
34.533,105.6,230.9
34.600,105.8,230.7
34.667,107.9,227.5
34.733,109.0,221.0
34.800,112.0,221.2
34.867,113.6,220.6
34.933,114.9,221.1
35.000,112.6,219.1
35.067,110.0,216.9
35.133,107.7,219.7
35.200,104.7,222.8
35.267,106.2,224.2
35.333,105.2,221.1
35.400,107.9,218.6
35.467,109.9,219.2
35.533,112.6,215.2
35.600,114.4,212.7
35.667,113.9,213.1
35.733,113.9,213.6
35.800,108.9,215.0
35.867,106.0,216.6
35.933,105.5,214.9
36.000,103.0,215.0
36.067,103.0,212.7
36.133,99.83,210.7
36.200,98.70,211.2
36.267,99.09,216.2
36.333,96.39,217.4
36.400,95.35,220.8
36.467,97.47,224.2
36.533,99.73,228.4
36.600,97.86,226.6
36.667,95.78,223.3
36.733,94.38,222.6
36.800,92.80,224.3
36.867,94.31,224.7
36.933,95.45,223.6
37.000,97.87,219.2
37.067,102.3,218.7
37.133,101.4,216.6
37.200,101.7,217.2
37.267,100.4,219.7
37.333,107.2,221.2
37.400,106.0,219.5
37.467,109.5,213.7
37.533,109.5,210.0
37.600,108.0,206.8
37.667,109.1,206.0
37.733,107.8,203.3
37.800,108.1,205.2
37.867,107.9,207.6
37.933,105.7,207.6
38.000,106.9,210.0
38.067,108.1,211.8
38.133,108.5,219.3
38.200,112.0,221.4
38.267,111.3,222.6
38.333,106.6,222.7
38.400,103.1,220.8
38.467,102.5,218.8
38.533,100.8,219.4
38.600,97.16,219.0
38.667,95.74,218.5
38.733,96.81,218.9
38.800,92.72,219.9
38.867,93.70,220.2
38.933,97.09,222.0
39.000,100.6,221.8
39.067,98.45,220.0
39.133,102.6,219.0
39.200,98.90,218.0
39.267,95.14,221.0
39.333,94.51,219.8
39.400,95.51,219.8
39.467,96.03,221.9
39.533,102.3,222.4
39.600,101.5,221.2
39.667,104.4,223.5
39.733,106.0,222.3
39.800,110.8,218.3
39.867,112.6,216.6
39.933,113.8,214.1
40.000,114.1,214.7
40.067,111.7,213.6
40.133,114.7,212.6
40.200,116.4,209.8
40.267,112.7,208.4
40.333,110.8,208.8
40.400,107.5,208.4
40.467,104.5,205.8
40.533,100.1,204.7
40.600,98.30,208.7
40.667,99.37,213.3
40.733,101.5,218.4
40.800,101.0,220.8
40.867,103.3,219.1
40.933,104.0,217.9
41.000,104.0,221.1
41.067,106.1,222.8
41.133,105.5,221.6
41.200,103.6,223.2
41.267,103.4,223.3
41.333,102.4,224.9
41.400,101.5,229.3
41.467,99.17,230.3
41.533,96.86,231.1
41.600,93.43,233.3
41.667,91.10,231.6
41.733,86.61,234.0
41.800,87.20,235.0
41.867,88.98,234.6
41.933,88.95,232.9
42.000,86.19,234.0
42.067,88.97,235.3
42.133,90.31,234.4
42.200,90.82,233.2
42.267,94.52,235.1
42.333,93.59,237.8
42.400,90.68,243.3
42.467,87.85,243.9
42.533,87.76,243.8
42.600,84.89,240.6
42.667,85.04,240.8
42.733,83.06,239.4
42.800,79.99,240.6
42.867,80.56,243.6
42.933,77.65,246.5
43.000,76.36,247.9
43.067,76.66,245.7
43.133,76.94,244.1
43.200,78.28,245.5
43.267,82.09,247.8
43.333,79.30,244.6
43.400,80.21,243.1
43.467,78.15,241.3
43.533,78.20,242.4
43.600,79.07,242.6
43.667,79.51,239.1
43.733,84.05,232.1
43.800,85.17,231.6
43.867,88.89,231.6
43.933,92.54,229.7
44.000,88.30,229.2
44.067,85.64,229.9
44.133,86.95,232.3
44.200,91.86,229.6
44.267,92.83,230.6
44.333,92.21,233.2
44.400,93.02,231.4
44.467,95.08,231.3
44.533,95.46,232.8
44.600,97.32,233.5
44.667,98.84,238.9
44.733,99.60,239.4
44.800,99.74,234.6
44.867,98.94,235.4
44.933,101.2,236.4
45.000,101.3,236.0
45.067,104.7,233.3
45.133,104.3,232.7
45.200,104.3,234.7
45.267,103.9,236.8
45.333,102.2,237.3
45.400,101.8,236.5
45.467,102.2,237.5
45.533,103.4,239.6
45.600,103.6,239.7
45.667,104.3,237.1
45.733,101.2,237.4
45.800,102.8,236.2
45.867,103.1,237.6
45.933,102.7,235.2
46.000,101.9,236.5
46.067,103.2,237.4
46.133,103.1,239.6
46.200,101.8,240.0
46.267,100.2,240.6
46.333,97.69,239.7
46.400,94.69,235.3
46.467,94.69,229.9
46.533,95.23,228.9
46.600,95.35,229.6
46.667,99.70,228.4
46.733,102.6,233.0
46.800,104.1,230.4
46.867,100.4,229.3
46.933,98.86,227.6
47.000,96.35,225.3
47.067,94.09,227.2
47.133,91.75,225.8
47.200,88.77,227.5
47.267,90.79,228.7
47.333,92.09,231.3
47.400,93.66,233.6
47.467,91.49,235.4
47.533,89.90,250.0
47.600,89.90,244.1
47.667,89.94,244.4
47.733,87.12,240.1
47.800,88.33,239.2
47.867,88.52,239.3
47.933,90.69,231.8
48.000,92.70,231.8
48.067,93.47,240.1
48.133,94.79,241.5
48.200,93.47,242.9
48.267,92.96,242.1
48.333,93.87,245.7
48.400,91.70,246.2
48.467,91.49,248.5
48.533,85.93,251.2
48.600,86.01,251.3
48.667,86.72,254.0
48.733,89.90,254.8
48.800,91.88,257.6
48.867,92.09,257.1
48.933,90.69,252.4
49.000,88.74,253.7
49.067,86.68,253.5
49.133,86.72,254.8
49.200,88.36,254.2
49.267,86.72,254.0
49.333,85.88,253.3
49.400,86.38,253.1
49.467,84.74,255.6
49.533,85.50,254.3
49.600,85.13,249.3
49.667,85.93,255.2
49.733,86.58,258.2
49.800,86.70,257.9
49.867,84.11,255.2
49.933,83.14,253.2
50.000,79.58,250.8
50.067,78.42,250.8
50.133,77.20,244.1
50.200,75.84,244.6
50.267,74.17,248.1
50.333,75.06,249.9
50.400,78.41,251.3
50.467,85.53,260.0
50.533,88.43,259.5
50.600,87.99,259.5
50.667,90.52,260.1
50.733,92.16,258.0
50.800,88.10,258.2
50.867,87.61,258.8
50.933,84.47,260.8
51.000,84.26,261.4
51.067,83.20,262.5
51.133,81.13,263.0
51.200,81.48,263.2
51.267,85.02,259.7
51.333,88.51,260.4
51.400,85.13,260.4
51.467,85.90,262.3
51.533,84.40,259.7
51.600,79.90,258.4
51.667,77.54,257.8
51.733,76.93,260.8
51.800,76.85,260.0
51.867,76.32,261.4
51.933,76.14,257.6
52.000,76.81,252.7
52.067,79.91,252.3
52.133,81.10,253.3
52.200,79.91,253.7
52.267,78.52,257.2
52.333,78.14,255.8
52.400,77.71,256.2
52.467,78.43,257.5
52.533,79.83,254.1
52.600,81.12,254.8
52.667,82.43,256.5
52.733,81.80,256.5
52.800,80.62,257.7
52.867,80.21,257.4
52.933,80.95,256.6
53.000,82.41,254.2
53.067,82.13,254.2
53.133,83.46,252.9
53.200,85.03,252.9
53.267,81.97,250.9
53.333,79.02,252.9
53.400,81.23,251.2
53.467,81.79,251.8
53.533,79.34,252.3
53.600,77.46,250.6
53.667,81.17,246.1
53.733,81.39,246.6
53.800,85.37,241.8
53.867,86.24,242.1
53.933,88.25,239.9
54.000,88.14,239.7
54.067,87.08,239.3
54.133,84.23,241.8
54.200,81.55,247.2
54.267,78.39,236.6
54.333,79.61,237.4
54.400,80.36,236.1
54.467,81.43,234.2
54.533,80.63,233.2
54.600,82.07,232.3
54.667,81.99,234.7
54.733,78.58,237.8
54.800,77.51,239.3
54.867,78.75,239.0
54.933,76.27,237.2
55.000,77.69,236.4
55.067,79.90,235.8
55.133,78.32,236.1
55.200,78.18,231.0
55.267,81.07,226.4
55.333,83.98,225.8
55.400,85.03,225.6
55.467,89.22,223.3
55.533,87.94,221.5
55.600,84.11,220.7
55.667,83.01,220.4
55.733,87.74,224.6
55.800,89.36,228.0
55.867,86.25,228.5
55.933,84.05,229.4
56.000,86.19,226.9
56.067,84.02,224.4
56.133,80.66,227.8
56.200,78.19,227.0
56.267,79.62,222.1
56.333,81.65,225.9
56.400,83.37,225.8
56.467,81.43,225.8
56.533,80.09,224.5
56.600,79.16,227.0
56.667,78.13,227.0
56.733,81.65,228.7
56.800,81.24,228.6
56.867,81.54,227.9
56.933,80.05,226.4
57.000,80.66,227.1
57.067,78.86,223.2
57.133,77.40,220.1
57.200,78.54,218.7
57.267,77.48,216.1
57.333,78.25,216.2
57.400,76.25,218.7
57.467,76.54,219.8
57.533,75.81,221.5
57.600,76.52,220.9
57.667,71.80,219.2
57.733,72.50,217.4
57.800,76.06,221.0
57.867,72.90,220.7
57.933,71.73,222.0
58.000,74.33,223.6
58.067,73.34,225.1
58.133,73.21,226.6
58.200,73.92,226.9
58.267,76.01,228.7
58.333,79.30,230.4
58.400,80.72,228.7
58.467,79.48,232.0
58.533,78.85,231.3
58.600,79.09,229.7
58.667,80.24,226.7
58.733,81.55,224.9
58.800,82.30,224.0
58.867,82.38,225.7
58.933,76.33,226.0
59.000,76.05,227.6
59.067,80.83,227.2
59.133,82.40,229.2
59.200,83.37,231.1
59.267,83.76,232.3
59.333,86.39,231.8
59.400,87.04,227.7
59.467,85.00,223.0
59.533,85.01,221.5
59.600,86.89,217.8
59.667,89.00,215.5
59.733,90.04,215.7
59.800,91.55,216.6
59.867,93.25,216.0
59.933,94.10,214.3
60.000,93.13,216.6
60.067,94.78,216.6
60.133,92.16,215.5
60.200,92.33,217.8
60.267,91.42,219.3
60.333,92.13,221.5
60.400,92.36,223.0
60.467,92.13,220.0
60.533,91.93,218.9
60.600,89.67,219.2
60.667,87.01,218.9
60.733,87.39,219.1
60.800,89.88,219.2
60.867,90.39,218.7
60.933,90.46,215.2
61.000,90.74,212.6
61.067,93.04,213.4
61.133,94.55,213.7
61.200,95.33,216.0
61.267,95.30,216.2
61.333,95.36,215.7
61.400,94.59,215.8
61.467,94.78,213.5
61.533,94.01,211.3
61.600,95.71,210.7
61.667,97.34,209.0
61.733,95.02,210.3
61.800,94.89,212.0
61.867,94.49,213.6
61.933,94.90,213.5
62.000,92.60,216.0
62.067,93.00,216.9
62.133,92.36,216.8
62.200,95.49,214.1
62.267,98.10,213.6
62.333,97.56,213.5
62.400,94.00,214.0
62.467,92.95,214.5
62.533,93.14,213.6
62.600,92.42,215.7
62.667,92.08,217.6
62.733,91.27,216.9
62.800,91.21,212.9
62.867,91.22,214.7
62.933,88.33,213.8
63.000,87.06,217.2
63.067,90.00,218.0
63.133,90.05,220.0
63.200,91.28,220.1
63.267,89.55,220.5
63.333,87.75,221.1
63.400,89.35,222.8
63.467,90.45,223.7
63.533,90.95,224.0
63.600,92.23,222.2
63.667,90.21,220.5
63.733,90.44,221.7
63.800,90.52,225.6
63.867,90.36,222.9
63.933,88.20,219.7
64.000,84.35,216.9
64.067,84.05,212.5
64.133,84.81,212.3
64.200,84.75,212.7
64.267,84.22,211.7
64.333,84.76,209.8
64.400,87.31,210.4
64.467,90.49,214.1
64.533,90.23,217.1
64.600,91.21,218.3
64.667,91.77,218.2
64.733,90.32,218.9
64.800,92.18,218.1
64.867,91.40,219.1
64.933,91.52,218.7
65.000,91.74,216.5
65.067,92.25,213.6
65.133,91.15,213.9
65.200,91.26,214.5
65.267,91.20,214.4
65.333,92.20,213.5
65.400,93.00,212.4
65.467,92.01,207.9
65.533,91.54,209.4
65.600,93.20,208.8
65.667,90.47,211.5
65.733,90.63,213.6
65.800,92.37,216.2
65.867,94.56,217.4
65.933,96.71,215.6
66.000,98.92,213.6
66.067,99.04,212.0
66.133,101.2,210.7
66.200,102.8,211.2
66.267,102.0,215.4
66.333,99.05,220.7
66.400,99.05,221.5
66.467,95.30,225.0
66.533,93.46,224.8
66.600,95.03,226.7
66.667,93.57,224.4
66.733,90.86,222.7
66.800,88.93,220.0
66.867,90.53,217.8
66.933,88.53,215.4
67.000,90.30,217.6
67.067,91.17,223.9
67.133,91.02,226.6
67.200,90.87,227.6
67.267,90.46,229.5
67.333,90.64,229.4
67.400,92.98,228.3
67.467,93.69,226.4
67.533,95.40,225.7
67.600,95.38,229.5
67.667,92.85,232.3
67.733,92.74,230.5
67.800,94.88,229.5
67.867,94.92,231.6
67.933,93.78,228.5
68.000,92.56,228.7
68.067,91.79,229.7
68.133,92.62,229.3
68.200,90.20,228.3
68.267,90.27,227.7
68.333,89.32,229.0
68.400,89.09,230.8
68.467,86.96,230.6
68.533,82.95,229.5
68.600,80.08,231.0
68.667,82.92,230.6
68.733,83.29,227.5
68.800,83.57,224.3
68.867,83.30,224.8
68.933,86.03,225.2
69.000,84.37,225.4
69.067,82.57,224.0
69.133,84.48,223.2
69.200,84.14,224.7
69.267,84.86,224.6
69.333,85.16,224.0
69.400,85.66,224.6
69.467,86.86,224.7
69.533,86.82,225.2
69.600,85.36,227.5
69.667,86.40,228.5
69.733,86.34,228.9
69.800,87.27,225.1
69.867,90.08,223.9
69.933,89.29,223.6
70.000,92.11,222.3
70.067,94.06,224.7
70.133,95.48,226.8
70.200,98.33,228.3
70.267,100.0,228.5
70.333,101.2,228.7
70.400,105.1,230.3
70.467,106.8,229.3
70.533,106.3,233.9
70.600,104.2,238.2
70.667,102.2,243.5
70.733,104.1,243.0
70.800,105.3,245.5
70.867,105.1,248.5
70.933,107.5,248.8
71.000,108.3,250.4
71.067,108.4,254.2
71.133,109.4,253.7
71.200,109.2,254.7
71.267,110.6,254.9
71.333,110.0,256.6
71.400,107.3,256.2
71.467,109.5,256.5
71.533,108.5,254.9
71.600,112.8,253.1
71.667,112.9,255.9
71.733,112.5,254.4
71.800,114.4,251.3
71.867,113.4,249.3
71.933,114.0,250.8
72.000,113.1,255.4
72.067,110.4,257.1
72.133,109.7,256.1
72.200,111.4,256.5
72.267,108.6,257.1
72.333,107.4,260.3
72.400,104.3,258.2
72.467,106.3,262.5
72.533,105.2,263.9
72.600,99.69,264.4
72.667,98.68,268.7
72.733,98.53,269.2
72.800,98.51,269.8
72.867,96.46,269.5
72.933,99.22,269.0
73.000,98.76,269.9
73.067,101.4,272.3
73.133,103.4,275.6
73.200,104.1,278.1
73.267,101.5,279.3
73.333,101.5,278.9
73.400,102.5,277.9
73.467,102.4,277.2
73.533,105.4,276.6
73.600,104.2,277.3
73.667,103.5,276.6
73.733,102.4,274.9
73.800,103.5,274.5
73.867,101.3,274.7
73.933,99.48,276.1
74.000,99.31,277.1
74.067,101.4,274.6
74.133,101.7,276.2
74.200,105.4,276.4
74.267,107.5,278.4
74.333,108.2,280.6
74.400,109.1,281.7
74.467,110.3,281.9
74.533,111.0,282.7
74.600,109.6,282.6
74.667,108.3,283.8
74.733,107.4,285.5
74.800,106.3,286.7
74.867,104.7,287.1
74.933,104.2,287.7
75.000,103.9,288.4
75.067,105.3,288.0
75.133,101.5,287.4
75.200,99.11,287.6
75.267,100.6,285.8
75.333,102.6,286.9
75.400,99.59,288.4
75.467,99.62,287.6
75.533,105.5,283.6
75.600,107.7,283.1
75.667,109.1,282.7
75.733,110.3,282.3
75.800,110.8,282.0
75.867,112.5,279.8
75.933,115.0,277.6
76.000,115.0,276.6
76.067,113.3,277.1
76.133,112.3,277.8
76.200,115.1,278.7
76.267,117.7,276.6
76.333,116.5,273.7
76.400,113.3,272.7
76.467,117.0,271.7
76.533,124.8,272.3
76.600,124.4,273.0
76.667,128.4,277.0
76.733,128.4,277.0
76.800,128.4,275.2
76.867,127.1,272.9
76.933,126.2,272.9
77.000,124.4,272.3
77.067,125.8,275.4
77.133,127.2,273.9
77.200,128.0,277.0
77.267,127.6,286.2
77.333,128.3,284.8
77.400,129.1,284.5
77.467,128.1,283.0
77.533,126.4,277.0
77.600,124.5,275.3
77.667,123.3,274.7
77.733,116.9,277.0
77.800,113.7,273.9
77.867,112.3,275.4
77.933,111.6,275.1
78.000,113.8,277.2
78.067,118.1,276.2
78.133,118.1,284.6
78.200,118.7,284.5
78.267,121.6,277.8
78.333,121.8,274.9
78.400,121.3,271.1
78.467,120.5,269.9
78.533,123.3,269.7
78.600,126.5,270.7
78.667,129.7,269.8
78.733,129.5,269.1
78.800,129.5,267.8
78.867,128.4,270.2
78.933,125.5,271.2
79.000,123.7,273.1
79.067,120.8,270.8
79.133,116.5,274.7
79.200,120.6,275.8
79.267,123.1,273.8
79.333,120.4,273.9
79.400,124.5,274.8
79.467,120.8,275.0
79.533,120.9,276.1
79.600,122.7,274.4
79.667,121.8,272.1
79.733,120.4,266.7
79.800,119.6,266.2
79.867,125.2,266.8
79.933,125.2,269.6
80.000,123.6,269.8
80.067,122.8,270.7
80.133,120.5,270.4
80.200,120.7,269.6
80.267,119.8,267.8
80.333,120.3,269.5
80.400,120.9,267.8
80.467,121.0,267.3
80.533,119.6,266.3
80.600,119.5,266.5
80.667,120.2,270.5
80.733,121.6,268.1
80.800,122.0,267.2
80.867,124.8,269.0
80.933,125.0,265.8
81.000,122.8,266.4
81.067,121.0,264.7
81.133,117.3,267.1
81.200,118.5,267.3
81.267,118.7,267.7
81.333,119.6,267.0
81.400,119.4,267.7
81.467,117.8,268.9
81.533,116.2,268.6
81.600,113.7,263.9
81.667,110.7,262.5
81.733,111.1,259.3
81.800,113.1,257.3
81.867,112.9,259.6
81.933,110.5,260.9
82.000,109.1,259.6
82.067,107.4,259.9
82.133,103.9,260.7
82.200,103.8,260.6
82.267,104.3,259.5
82.333,105.2,258.9
82.400,102.8,258.3
82.467,101.5,258.8
82.533,99.54,258.7
82.600,100.6,257.6
82.667,101.5,256.3
82.733,103.1,260.2
82.800,100.5,260.4
82.867,99.65,259.2
82.933,98.79,255.8
83.000,96.60,255.7
83.067,97.55,257.2
83.133,100.3,258.8
83.200,101.4,260.3
83.267,101.4,260.8
83.333,96.80,259.1
83.400,94.58,260.4
83.467,95.78,261.5
83.533,98.73,260.8
83.600,98.55,262.7
83.667,100.1,261.8
83.733,102.5,260.8
83.800,105.6,261.1
83.867,104.8,262.9
83.933,104.8,266.2
84.000,105.7,267.6
84.067,107.6,267.3
84.133,111.3,266.9
84.200,113.5,267.9
84.267,114.1,267.8
84.333,114.2,268.0
84.400,114.7,270.3
84.467,113.6,273.3
84.533,113.1,275.8
84.600,111.6,276.6
84.667,110.7,277.5
84.733,112.5,277.1
84.800,110.3,276.9
84.867,106.8,276.9
84.933,108.5,275.6
85.000,110.9,274.4
85.067,113.0,273.4
85.133,113.6,273.8
85.200,113.1,271.2
85.267,113.5,269.1
85.333,115.1,268.0
85.400,114.9,267.8
85.467,114.7,267.0
85.533,114.8,267.3
85.600,112.1,266.1
85.667,112.0,264.4
85.733,110.9,262.1
85.800,110.8,260.0
85.867,107.6,261.9
85.933,108.9,261.6
86.000,108.5,261.8
86.067,107.4,259.3
86.133,109.2,260.0
86.200,112.6,259.9
86.267,116.7,259.8
86.333,116.8,262.0
86.400,114.5,263.2
86.467,113.0,264.7
86.533,111.7,264.0
86.600,107.7,263.0
86.667,107.5,262.8
86.733,105.7,262.4
86.800,105.9,258.3
86.867,106.0,255.6
86.933,106.1,255.6
87.000,106.8,260.7
87.067,104.5,264.7
87.133,100.9,263.5
87.200,102.2,266.0
87.267,100.9,267.5
87.333,97.00,269.0
87.400,94.47,273.7
87.467,94.56,273.8
87.533,95.32,274.2
87.600,95.16,272.3
87.667,92.43,271.0
87.733,89.87,269.5
87.800,91.20,268.9
87.867,94.54,267.1
87.933,98.28,268.8
88.000,98.03,266.7
88.067,101.7,264.9
88.133,104.9,262.9
88.200,103.7,262.3
88.267,105.7,262.1
88.333,104.0,260.4
88.400,101.8,258.0
88.467,102.5,258.6
88.533,101.4,260.8
88.600,102.1,262.2
88.667,106.0,261.0
88.733,105.9,260.3
88.800,107.0,259.2
88.867,108.0,258.9
88.933,110.1,256.0
89.000,107.9,253.4
89.067,107.1,248.2
89.133,106.0,245.1
89.200,105.7,242.3
89.267,104.6,245.9
89.333,103.2,248.0
89.400,113.7,249.3
89.467,120.1,250.8
89.533,120.3,251.5
89.600,122.0,253.8
89.667,122.7,253.5
89.733,119.1,253.8
89.800,116.9,255.2
89.867,111.7,254.2
89.933,111.9,255.8
90.000,112.0,256.1
90.067,111.1,256.2
90.133,108.2,252.4
90.200,105.2,251.5
90.267,104.2,253.5
90.333,104.5,253.2
90.400,104.5,251.9
90.467,105.1,249.9
90.533,104.3,252.0
90.600,103.0,252.9
90.667,102.1,249.4
90.733,102.4,250.7
90.800,103.1,252.2
90.867,103.9,252.6
90.933,102.2,252.3
91.000,100.7,251.7
91.067,103.5,248.9
91.133,103.7,250.1
91.200,102.9,252.4
91.267,102.7,252.8
91.333,104.3,250.0
91.400,105.2,250.2
91.467,104.8,249.5
91.533,106.8,245.3
91.600,106.0,240.7
91.667,108.9,235.7
91.733,111.1,233.2
91.800,109.2,230.4
91.867,106.7,230.8
91.933,106.9,231.9
92.000,109.7,231.6
92.067,110.0,226.3
92.133,111.6,226.9
92.200,110.7,221.4
92.267,111.6,220.5
92.333,107.8,222.6
92.400,106.7,220.1
92.467,106.9,220.8
92.533,109.6,220.9
92.600,114.5,224.8
92.667,114.2,226.2
92.733,118.5,229.3
92.800,119.5,227.2
92.867,119.9,224.8
92.933,120.1,224.0
93.000,121.4,224.6
93.067,118.9,223.9
93.133,118.9,225.0
93.200,119.3,225.6
93.267,120.0,224.3
93.333,120.9,224.6
93.400,124.5,227.6
93.467,126.7,229.3
93.533,128.9,230.0
93.600,129.3,229.0
93.667,128.7,229.1
93.733,128.1,230.3
93.800,131.0,229.7
93.867,132.7,229.6
93.933,135.1,227.0
94.000,136.0,222.1
94.067,137.6,219.8
94.133,142.0,219.8
94.200,142.4,223.6
94.267,143.9,225.2
94.333,146.3,226.6
94.400,143.7,225.5
94.467,141.1,223.6
94.533,144.1,224.5
94.600,144.2,224.7
94.667,145.1,225.6
94.733,144.3,227.9
94.800,144.2,229.4
94.867,142.4,226.9
94.933,139.1,226.1
95.000,140.3,225.9
95.067,142.8,221.0
95.133,142.5,218.8
95.200,143.3,217.5
95.267,147.8,214.9
95.333,148.0,219.5
95.400,151.0,219.0
95.467,151.4,219.7
95.533,151.4,218.1
95.600,153.3,218.1
95.667,158.1,218.6
95.733,156.0,217.2
95.800,154.3,221.3
95.867,155.6,221.7
95.933,157.9,220.3
96.000,161.3,219.2
96.067,162.1,225.8
96.133,163.5,229.2
96.200,161.2,231.7
96.267,162.6,233.2
96.333,161.8,236.9
96.400,160.1,236.7
96.467,160.0,237.7
96.533,160.0,235.6
96.600,154.3,235.7
96.667,148.9,234.1
96.733,149.5,236.0
96.800,151.5,234.3
96.867,156.9,234.7
96.933,159.3,238.1
97.000,158.4,239.3
97.067,156.9,237.6
97.133,157.0,238.3
97.200,156.8,237.8
97.267,160.1,239.2
97.333,161.8,242.8
97.400,160.9,242.5
97.467,163.3,242.5
97.533,161.1,242.1
97.600,159.8,247.2
97.667,158.6,246.4
97.733,157.0,247.7
97.800,151.9,246.9
97.867,151.0,250.0
97.933,152.8,253.7
98.000,154.0,251.4
98.067,157.7,252.1
98.133,156.5,252.7
98.200,154.2,255.4
98.267,153.7,258.3
98.333,152.1,254.3
98.400,145.2,250.7
98.467,144.4,247.3
98.533,143.1,247.9
98.600,138.9,242.8
98.667,138.1,239.4
98.733,141.1,232.2
98.800,142.1,230.6
98.867,142.0,227.7
98.933,141.9,230.4
99.000,143.1,234.8
99.067,142.9,238.9
99.133,144.1,243.3
99.200,144.3,246.0
99.267,144.3,254.0
99.333,141.6,256.1
99.400,138.1,258.8
99.467,138.4,261.6
99.533,143.0,268.2
99.600,141.3,263.4
99.667,139.3,262.9
99.733,140.3,261.9
99.800,141.5,262.9
99.867,142.1,262.1
99.933,146.3,259.5
100.000,146.1,262.6
100.067,147.3,264.5
100.133,148.2,265.2
100.200,146.4,266.1
100.267,146.2,263.9
100.333,146.3,261.8
100.400,148.4,260.5
100.467,150.2,259.6
100.533,151.3,259.8
100.600,150.6,256.6
100.667,149.0,257.0
100.733,148.1,255.7
100.800,143.1,252.9
100.867,142.5,254.3
100.933,141.6,253.6
101.000,142.4,252.1
101.067,144.7,253.6
101.133,150.0,256.4
101.200,151.2,255.5
101.267,153.1,251.3
101.333,154.2,245.3
101.400,155.2,244.2
101.467,160.0,245.3
101.533,163.7,249.7
101.600,164.4,249.4
101.667,163.6,249.9
101.733,163.5,250.2
101.800,165.5,251.1
101.867,171.5,252.9
101.933,174.4,249.3
102.000,178.5,245.2
102.067,181.3,247.3
102.133,182.9,249.7
102.200,185.4,247.6
102.267,188.6,247.7
102.333,187.1,251.5
102.400,187.0,255.8
102.467,186.7,257.9
102.533,186.2,259.4
102.600,183.5,260.2
102.667,183.6,260.3
102.733,186.7,263.7
102.800,187.6,265.2
102.867,185.8,263.3
102.933,182.1,262.3
103.000,181.5,262.0
103.067,185.1,261.2
103.133,187.0,266.0
103.200,187.2,266.8
103.267,187.6,267.5
103.333,187.8,267.6
103.400,184.8,265.4
103.467,184.3,262.7
103.533,183.6,263.3
103.600,186.4,260.6
103.667,189.5,257.2
103.733,193.4,258.5
103.800,195.0,258.0
103.867,198.3,254.0
103.933,201.2,255.4
104.000,200.3,255.6
104.067,201.6,257.2
104.133,203.2,260.6
104.200,206.5,264.3
104.267,206.5,268.2
104.333,205.4,267.0
104.400,208.2,270.3
104.467,206.2,268.5
104.533,206.7,267.5
104.600,206.6,265.5
104.667,203.5,263.2
104.733,204.6,262.0
104.800,206.1,264.5
104.867,203.9,261.7
104.933,202.0,263.2
105.000,200.2,268.7
105.067,201.1,271.3
105.133,204.5,272.2
105.200,202.9,272.1
105.267,201.3,272.2
105.333,203.5,274.1
105.400,204.2,276.8
105.467,199.8,281.7
105.533,199.3,281.0
105.600,196.6,281.7
105.667,197.3,280.8
105.733,203.6,281.2
105.800,205.0,282.8
105.867,205.0,283.6
105.933,206.6,280.7
106.000,206.2,281.3
106.067,204.5,287.2
106.133,203.7,287.4
106.200,200.4,286.5
106.267,196.0,286.6
106.333,192.1,286.9
106.400,193.2,290.7
106.467,191.9,293.1
106.533,192.8,293.7
106.600,196.5,297.3
106.667,197.7,297.1
106.733,195.7,294.4
106.800,193.7,296.5
106.867,193.8,297.2
106.933,193.3,300.0
107.000,192.5,298.4
107.067,192.9,302.0
107.133,195.7,301.0
107.200,193.4,301.5
107.267,191.8,304.5
107.333,190.2,304.8
107.400,186.6,302.0
107.467,186.2,303.7
107.533,186.6,304.9
107.600,186.6,307.6
107.667,181.9,310.2
107.733,180.7,312.8
107.800,181.6,313.1
107.867,180.3,312.4
107.933,180.4,312.4
108.000,182.6,306.8
108.067,186.2,303.0
108.133,189.3,300.1
108.200,190.7,293.3
108.267,197.0,289.2
108.333,200.6,291.2
108.400,202.1,290.5
108.467,202.5,293.5
108.533,199.8,294.5
108.600,200.8,294.2
108.667,205.5,292.5
108.733,205.0,291.2
108.800,205.8,288.7
108.867,203.3,286.5
108.933,205.9,286.7
109.000,203.7,285.0
109.067,203.9,283.3
109.133,201.8,283.0
109.200,203.7,282.9
109.267,204.8,283.6
109.333,201.8,284.6
109.400,201.5,284.3
109.467,200.9,283.0
109.533,204.9,281.7
109.600,207.4,285.2
109.667,205.2,286.1
109.733,205.6,282.9
109.800,207.6,280.8
109.867,207.1,278.0
109.933,202.6,284.5
110.000,204.7,283.6
110.067,206.4,283.5
110.133,205.2,285.5
110.200,208.8,288.0
110.267,208.0,290.0
110.333,207.8,293.3
110.400,205.4,290.7
110.467,205.6,290.5
110.533,204.9,291.4
110.600,199.5,290.2
110.667,200.5,286.5
110.733,201.6,287.4
110.800,198.6,288.5
110.867,199.0,288.4
110.933,198.8,286.3
111.000,196.6,284.8
111.067,196.3,286.6
111.133,194.6,285.4
111.200,193.0,281.5
111.267,193.7,281.3
111.333,192.9,283.2
111.400,191.4,282.8
111.467,192.6,283.6
111.533,192.5,284.6
111.600,195.2,291.9
111.667,196.4,293.6
111.733,196.3,294.3
111.800,197.8,297.3
111.867,198.0,296.7
111.933,196.2,293.5
112.000,195.6,292.6
112.067,198.0,289.8
112.133,196.7,291.3
112.200,194.0,289.3
112.267,191.5,288.3
112.333,190.1,289.3
112.400,194.1,291.3
112.467,196.6,292.9
112.533,199.1,297.5
112.600,197.6,301.1
112.667,196.3,301.1
112.733,198.2,303.2
112.800,200.6,304.0
112.867,201.0,301.0
112.933,200.8,299.5
113.000,203.2,298.5
113.067,203.6,299.9
113.133,200.4,301.0
113.200,197.9,301.9
113.267,193.4,295.5
113.333,195.0,292.3
113.400,193.1,290.5
113.467,193.4,294.6
113.533,192.5,297.3
113.600,195.1,299.7
113.667,196.0,301.5
113.733,194.2,301.5
113.800,196.1,304.3
113.867,198.9,301.6
113.933,196.5,300.7
114.000,197.2,300.7
114.067,198.6,302.6
114.133,196.9,302.5
114.200,197.2,300.8
114.267,197.1,301.6
114.333,200.1,295.8
114.400,199.6,294.3
114.467,200.0,291.2
114.533,196.5,290.9
114.600,197.5,288.0
114.667,197.3,282.0
114.733,200.4,281.6
114.800,201.5,282.8
114.867,199.4,283.3
114.933,202.1,284.4
115.000,204.0,285.4
115.067,202.3,285.4
115.133,201.5,286.4
115.200,204.8,285.2
115.267,204.7,285.4
115.333,201.6,287.0
115.400,199.5,287.0
115.467,199.9,284.8
115.533,203.7,285.7
115.600,203.4,286.5
115.667,203.3,287.9
115.733,201.0,289.8
115.800,198.1,288.0
115.867,201.0,288.5
115.933,201.7,289.3
116.000,198.3,286.9
116.067,195.9,285.9
116.133,192.7,286.1
116.200,190.7,286.3
116.267,186.6,287.9
116.333,183.0,289.9
116.400,182.4,291.1
116.467,185.3,292.6
116.533,186.2,293.2
116.600,183.1,291.6
116.667,180.0,290.6
116.733,181.8,294.9
116.800,181.1,295.5
116.867,178.3,292.6
116.933,177.2,292.2
117.000,177.0,292.5
117.067,179.9,292.0
117.133,180.2,293.0
117.200,180.9,288.4
117.267,181.0,285.7
117.333,180.3,287.1
117.400,183.2,287.7
117.467,184.3,288.9
117.533,185.7,292.2
117.600,185.7,292.4
117.667,182.0,291.8
117.733,181.6,292.0
117.800,181.0,291.4
117.867,185.2,288.5
117.933,179.6,287.4
118.000,177.0,287.1
118.067,180.4,286.5
118.133,183.9,283.7
118.200,186.7,283.3
118.267,188.1,283.8
118.333,189.5,283.7
118.400,190.4,284.8
118.467,190.2,286.9
118.533,188.9,285.1
118.600,186.0,286.7
118.667,184.7,285.6
118.733,186.5,287.4
118.800,188.2,289.1
118.867,188.6,288.5
118.933,189.3,287.9
119.000,187.7,288.8
119.067,186.4,289.8
119.133,187.1,289.5
119.200,189.6,291.1
119.267,192.7,290.6
119.333,195.4,287.8
119.400,194.8,284.7
119.467,196.4,288.2
119.533,196.4,287.2
119.600,198.7,285.0
119.667,199.6,281.8
119.733,205.0,282.2
119.800,207.9,283.4
119.867,206.0,283.8
119.933,207.4,290.5
120.000,202.7,291.4
120.067,201.3,289.4
120.133,197.5,288.0
120.200,202.2,293.8
120.267,206.4,294.4
120.333,202.6,292.5
120.400,203.8,291.0
120.467,209.1,289.8
120.533,210.3,288.8
120.600,210.3,288.9
120.667,213.8,292.0
120.733,214.2,290.4
120.800,215.2,291.4
120.867,215.7,286.3
120.933,215.3,286.8
121.000,214.3,288.7
121.067,215.6,288.5
121.133,215.6,286.5
121.200,214.9,284.6
121.267,212.1,286.2
121.333,213.1,283.7
121.400,215.1,282.2
121.467,214.9,281.3
121.533,213.0,279.4
121.600,218.2,277.8
121.667,218.9,276.2
121.733,216.1,272.4
121.800,217.1,272.7
121.867,218.7,275.4
121.933,216.8,276.6
122.000,216.1,275.3
122.067,216.8,277.4
122.133,219.2,279.5
122.200,219.5,281.0
122.267,217.5,280.7
122.333,219.4,283.7
122.400,222.9,284.4
122.467,227.1,282.8
122.533,228.9,282.0
122.600,229.1,282.5
122.667,229.3,280.4
122.733,228.4,280.7
122.800,230.1,280.6
122.867,229.3,279.7
122.933,226.7,283.1
123.000,226.6,284.0
123.067,230.0,285.2
123.133,230.8,283.8
123.200,224.3,280.4
123.267,221.4,280.1
123.333,222.2,281.2
123.400,220.3,281.4
123.467,220.5,281.1
123.533,218.3,279.5