t,x,y
0.000,-388.0,200.5
0.067,-388.0,200.5
0.133,-388.0,200.5
0.200,-388.0,200.5
0.267,-389.7,200.3
0.333,-389.7,198.5
0.400,-389.1,200.4
0.467,-392.0,199.6
0.533,-392.3,199.8
0.600,-391.4,199.3
0.667,-389.7,197.9
0.733,-388.5,198.2
0.800,-389.0,196.9
0.867,-390.3,196.5
0.933,-390.7,198.2
1.000,-389.8,198.8
1.067,-387.5,197.8
1.133,-388.8,198.6
1.200,-388.3,197.7
1.267,-387.9,198.5
1.333,-388.8,200.4
1.400,-387.3,201.5
1.467,-384.7,201.3
1.533,-387.6,201.3
1.600,-390.2,202.5
1.667,-391.0,200.7
1.733,-389.6,201.4
1.800,-388.6,203.9
1.867,-389.9,204.7
1.933,-389.4,202.6
2.000,-389.3,199.7
2.067,-389.1,201.3
2.133,-387.7,201.6
2.200,-389.3,202.9
2.267,-388.7,203.9
2.333,-388.0,201.4
2.400,-386.8,200.9
2.467,-385.2,199.6
2.533,-384.3,200.8
2.600,-385.1,201.6
2.667,-384.5,201.0
2.733,-383.3,201.3
2.800,-385.5,200.1
2.867,-383.8,198.1
2.933,-383.8,199.0
3.000,-385.2,198.5
3.067,-382.7,200.1
3.133,-382.1,200.0
3.200,-384.2,200.4
3.267,-382.4,202.2
3.333,-384.1,202.9
3.400,-386.3,203.4
3.467,-385.0,204.0
3.533,-384.5,203.2
3.600,-383.7,203.6
3.667,-384.5,203.5
3.733,-386.5,203.1
3.800,-390.1,200.7
3.867,-392.9,203.6
3.933,-391.5,202.1
4.000,-391.3,201.3
4.067,-389.5,202.4
4.133,-388.4,203.8
4.200,-389.6,205.4
4.267,-391.8,206.0
4.333,-390.3,206.7
4.400,-393.9,205.5
4.467,-392.9,206.6
4.533,-392.9,203.6
4.600,-392.9,202.6
4.667,-392.9,203.6
4.733,-392.3,201.6
4.800,-391.1,198.8
4.867,-391.5,189.0
4.933,-390.4,186.9
5.000,-388.7,187.1
5.067,-389.1,186.4
5.133,-388.1,187.2
5.200,-384.6,185.2
5.267,-384.6,186.8
5.333,-386.8,186.7
5.400,-385.4,188.3
5.467,-384.4,188.0
5.533,-385.3,188.2
5.600,-386.9,187.9
5.667,-386.2,187.2
5.733,-386.2,187.2
5.800,-387.3,188.1
5.867,-385.9,190.1
5.933,-384.4,190.2
6.000,-383.2,187.9
6.067,-381.1,184.3
6.133,-384.1,183.1
6.200,-386.2,182.0
6.267,-385.0,180.6
6.333,-383.1,177.5
6.400,-382.4,176.4
6.467,-383.7,176.4
6.533,-383.9,175.5
6.600,-386.0,176.0
6.667,-387.4,176.8
6.733,-386.5,175.8
6.800,-386.5,176.5
6.867,-385.1,179.0
6.933,-384.9,194.2
7.000,-385.0,196.0
7.067,-384.6,195.1
7.133,-377.7,178.0
7.200,-374.8,178.0
7.267,-374.6,182.0
7.333,-381.0,179.5
7.400,-381.8,180.5
7.467,-382.9,180.4
7.533,-381.3,181.4
7.600,-379.7,181.4
7.667,-380.2,182.5
7.733,-380.2,185.3
7.800,-380.1,185.2
7.867,-381.2,183.6
7.933,-384.0,192.0
8.000,-384.6,191.2
8.067,-387.0,190.7
8.133,-388.9,193.0
8.200,-386.0,194.5
8.267,-391.0,198.5
8.333,-393.0,197.0
8.400,-394.4,193.8
8.467,-396.9,195.8
8.533,-395.8,196.0
8.600,-396.7,195.4
8.667,-396.6,197.6
8.733,-394.5,198.0
8.800,-392.7,197.8
8.867,-392.5,197.2
8.933,-390.4,196.6
9.000,-389.8,197.7
9.067,-389.2,197.8
9.133,-387.5,197.8
9.200,-384.5,193.5
9.267,-384.5,193.5
9.333,-387.5,192.6
9.400,-390.5,192.5
9.467,-391.8,193.4
9.533,-389.7,193.9
9.600,-388.0,194.9
9.667,-388.3,194.6
9.733,-388.8,196.7
9.800,-387.5,196.9
9.867,-386.7,197.8
9.933,-387.0,199.2
10.000,-388.4,200.3
10.067,-389.1,200.9
10.133,-390.3,201.2
10.200,-387.9,201.8
10.267,-388.8,201.9
10.333,-389.1,202.0
10.400,-386.9,204.8
10.467,-387.4,207.3
10.533,-387.5,205.7
10.600,-387.9,209.1
10.667,-385.9,209.5
10.733,-385.2,209.5
10.800,-384.1,208.7
10.867,-382.9,208.3
10.933,-381.5,208.4
11.000,-381.7,210.5
11.067,-381.3,211.7
11.133,-380.3,213.0
11.200,-382.8,215.0
11.267,-381.8,215.9
11.333,-380.5,217.2
11.400,-381.9,219.3
11.467,-383.5,220.3
11.533,-380.9,219.3
11.600,-380.0,219.2
11.667,-378.1,218.3
11.733,-377.2,220.5
11.800,-377.0,219.9
11.867,-376.2,219.4
11.933,-375.7,218.3
12.000,-374.7,219.3
12.067,-373.3,218.0
12.133,-372.0,216.1
12.200,-371.8,214.3
12.267,-369.9,215.4
12.333,-369.8,215.4
12.400,-372.7,215.0
12.467,-369.0,214.5
12.533,-369.6,213.9
12.600,-372.6,214.1
12.667,-375.0,215.1
12.733,-375.6,215.9
12.800,-377.5,217.7
12.867,-376.9,218.4
12.933,-378.3,217.8
13.000,-375.8,217.7
13.067,-379.5,219.5
13.133,-379.1,217.9
13.200,-377.7,214.5
13.267,-378.0,213.1
13.333,-377.8,211.6
13.400,-377.4,211.9
13.467,-376.7,213.5
13.533,-375.3,216.0
13.600,-375.3,216.6
13.667,-377.5,214.5
13.733,-379.5,216.5
13.800,-378.7,215.9
13.867,-377.6,213.7
13.933,-373.0,210.5
14.000,-372.3,210.3
14.067,-371.9,210.9
14.133,-372.5,209.8
14.200,-370.5,209.8
14.267,-372.8,210.6
14.333,-372.6,211.7
14.400,-372.5,210.5
14.467,-370.6,210.7
14.533,-370.2,209.9
14.600,-370.9,208.1
14.667,-369.5,206.5
14.733,-369.5,205.8
14.800,-372.1,204.2
14.867,-373.4,204.4
14.933,-374.8,204.3
15.000,-375.7,203.7
15.067,-378.1,202.9
15.133,-376.8,201.5
15.200,-379.1,201.3
15.267,-380.5,200.5
15.333,-380.9,201.6
15.400,-378.6,200.5
15.467,-372.5,204.5
15.533,-370.5,204.5
15.600,-368.5,203.0
15.667,-365.0,200.0
15.733,-365.0,198.5
15.800,-366.5,199.0
15.867,-365.2,200.1
15.933,-354.5,202.5
16.000,-357.0,204.0
16.067,-358.2,206.0
16.133,-357.5,206.5
16.200,-358.1,207.1
16.267,-357.1,207.7
16.333,-358.0,204.0
16.400,-357.0,204.0
16.467,-361.0,213.0
16.533,-359.2,213.7
16.600,-359.0,214.8
16.667,-358.4,216.1
16.733,-357.9,216.0
16.800,-358.6,216.8
16.867,-356.6,218.7
16.933,-358.7,217.8
17.000,-358.5,217.2
17.067,-358.1,216.9
17.133,-358.6,217.6
17.200,-358.1,220.2
17.267,-358.0,221.1
17.333,-360.1,218.0
17.400,-360.0,217.8
17.467,-361.7,216.8
17.533,-361.1,217.0
17.600,-358.9,216.1
17.667,-358.0,213.5
17.733,-360.0,210.0
17.800,-359.0,207.0
17.867,-358.1,209.9
17.933,-360.5,204.0
18.000,-363.5,203.5
18.067,-361.6,202.1
18.133,-368.5,202.0
18.200,-371.5,200.0
18.267,-375.5,201.0
18.333,-376.9,200.5
18.400,-379.0,198.5
18.467,-377.5,202.5
18.533,-368.0,202.5
18.600,-373.5,208.0
18.667,-373.8,207.1
18.733,-374.3,208.4
18.800,-374.7,208.5
18.867,-373.5,207.3
18.933,-372.4,205.2
19.000,-372.5,205.7
19.067,-372.5,205.2
19.133,-372.1,204.2
19.200,-373.2,204.7
19.267,-372.4,203.3
19.333,-373.6,203.1
19.400,-375.8,202.7
19.467,-375.1,203.2
19.533,-372.9,203.7
19.600,-372.7,202.6
19.667,-372.0,204.8
19.733,-372.5,207.3
19.800,-374.4,206.8
19.867,-373.7,204.1
19.933,-372.3,206.5
20.000,-373.1,207.1
20.067,-375.3,206.3
20.133,-375.3,206.0
20.200,-375.5,207.1
20.267,-376.3,206.9
20.333,-377.1,207.0
20.400,-379.7,206.6
20.467,-377.9,206.9
20.533,-375.5,207.3
20.600,-377.2,206.0
20.667,-379.5,203.0
20.733,-380.4,202.2
20.800,-381.2,200.4
20.867,-381.5,200.5
20.933,-379.6,200.6
21.000,-377.7,199.7
21.067,-378.9,198.2
21.133,-380.8,195.9
21.200,-380.9,194.5
21.267,-380.9,195.1
21.333,-381.2,195.8
21.400,-378.4,193.8
21.467,-374.2,193.0
21.533,-371.8,192.0
21.600,-372.1,193.9
21.667,-371.8,192.1
21.733,-370.3,191.2
21.800,-371.6,190.4
21.867,-373.6,189.7
21.933,-373.9,189.7
22.000,-373.7,189.3
22.067,-373.6,189.9
22.133,-374.2,189.4
22.200,-372.9,186.7
22.267,-371.1,187.1
22.333,-371.0,185.9
22.400,-375.3,183.3
22.467,-376.3,181.8
22.533,-375.5,180.5
22.600,-373.8,180.6
22.667,-374.3,181.4
22.733,-376.4,181.9
22.800,-374.9,183.1
22.867,-376.4,182.7
22.933,-376.7,182.2
23.000,-377.1,180.9
23.067,-376.2,180.1
23.133,-373.6,181.0
23.200,-371.0,174.0
23.267,-370.0,173.0
23.333,-371.0,174.0
23.400,-370.9,174.7
23.467,-371.6,174.3
23.533,-371.2,173.8
23.600,-372.0,174.0
23.667,-371.0,174.0
23.733,-371.4,174.5
23.800,-368.8,174.1
23.867,-354.0,172.0
23.933,-353.4,173.2
24.000,-356.0,175.0
24.067,-356.0,175.7
24.133,-355.7,177.8
24.200,-354.3,178.1
24.267,-354.6,179.9
24.333,-354.8,180.0
24.400,-352.6,178.4
24.467,-354.6,178.6
24.533,-355.4,179.5
24.600,-356.2,179.2
24.667,-357.2,179.1
24.733,-356.9,180.8
24.800,-358.0,184.0
24.867,-357.4,184.5
24.933,-357.8,185.2
25.000,-357.7,185.0
25.067,-357.1,186.4
25.133,-357.0,186.2
25.200,-356.6,187.8
25.267,-356.3,187.6
25.333,-358.0,184.0
25.400,-356.7,184.3
25.467,-356.7,184.0
25.533,-357.0,185.7
25.600,-358.2,185.0
25.667,-359.0,182.0
25.733,-359.9,181.8
25.800,-361.2,182.2
25.867,-361.5,188.5
25.933,-361.4,188.4
26.000,-360.5,189.5
26.067,-355.0,192.0
26.133,-354.0,191.0
26.200,-350.5,191.5
26.267,-348.5,191.0
26.333,-346.8,190.6
26.400,-348.7,189.0
26.467,-350.9,187.9
26.533,-350.8,187.8
26.600,-350.7,187.7
26.667,-358.5,193.5
26.733,-356.5,194.1
26.800,-354.9,192.6
26.867,-354.7,191.7
26.933,-350.0,186.0
27.000,-350.7,185.8
27.067,-350.0,189.0
27.133,-350.7,186.1
27.200,-351.9,187.4
27.267,-352.2,186.8
27.333,-351.0,188.0
27.400,-353.8,190.1
27.467,-355.2,191.9
27.533,-356.9,190.7
27.600,-358.1,188.8
27.667,-359.8,188.8
27.733,-359.6,191.7
27.800,-360.2,191.9
27.867,-361.8,192.2
27.933,-361.9,190.0
28.000,-363.1,188.4
28.067,-364.3,187.2
28.133,-361.5,189.4
28.200,-359.0,189.0
28.267,-356.0,191.8
28.333,-355.9,194.8
28.400,-356.7,195.2
28.467,-357.0,195.1
28.533,-358.7,193.6
28.600,-356.9,191.7
28.667,-356.2,191.7
28.733,-354.4,193.5
28.800,-355.5,200.0
28.867,-356.5,202.0
28.933,-357.2,203.9
29.000,-358.0,203.0
29.067,-359.2,203.1
29.133,-358.6,204.3
29.200,-358.1,204.0
29.267,-358.3,204.1
29.333,-358.7,204.2
29.400,-358.6,204.0
29.467,-354.0,192.0
29.533,-352.5,193.0
29.600,-357.5,201.0
29.667,-355.9,202.0
29.733,-356.8,202.2
29.800,-352.0,195.0
29.867,-352.7,196.3
29.933,-354.7,196.3
30.000,-355.1,194.9
30.067,-355.3,195.3
30.133,-357.8,195.2
30.200,-355.0,198.5
30.267,-360.0,196.0
30.333,-359.0,199.5
30.400,-355.5,199.5
30.467,-355.6,201.3
30.533,-358.0,197.0
30.600,-358.2,195.9
30.667,-357.8,195.9
30.733,-362.0,197.5
30.800,-361.8,197.9
30.867,-364.0,196.0
30.933,-364.5,195.0
31.000,-361.0,204.0
31.067,-365.8,196.9
31.133,-366.9,197.4
31.200,-365.8,198.3
31.267,-365.8,197.8
31.333,-374.5,205.0
31.400,-363.0,197.0
31.467,-364.5,197.5
31.533,-365.5,202.5
31.600,-365.4,203.4
31.667,-364.8,204.0
31.733,-361.4,202.1
31.800,-359.8,202.8
31.867,-354.5,197.5
31.933,-355.5,199.9
32.000,-354.2,201.4
32.067,-353.8,202.5
32.133,-354.7,202.1
32.200,-356.1,201.8
32.267,-356.2,201.8
32.333,-355.4,201.1
32.400,-355.7,201.5
32.467,-357.7,205.8
32.533,-359.0,206.4
32.600,-360.6,204.0
32.667,-361.8,202.8
32.733,-359.8,203.8
32.800,-358.0,202.6
32.867,-360.8,201.2
32.933,-364.5,198.4
33.000,-366.3,199.3
33.067,-367.7,198.9
33.133,-365.9,197.6
33.200,-365.8,197.5
33.267,-367.9,196.9
33.333,-369.3,197.7
33.400,-369.7,197.0
33.467,-368.8,193.8
33.533,-367.0,194.6
33.600,-370.0,197.0
33.667,-364.0,194.0
33.733,-372.5,195.0
33.800,-377.0,201.0
33.867,-376.0,198.0
33.933,-374.0,199.0
34.000,-372.5,203.5
34.067,-376.0,209.0
34.133,-378.0,208.0
34.200,-381.0,207.0
34.267,-384.5,205.0
34.333,-381.5,202.5
34.400,-370.0,192.0
34.467,-368.5,197.0
34.533,-368.2,197.3
34.600,-366.8,197.1
34.667,-366.7,197.0
34.733,-367.2,193.5
34.800,-365.7,193.7
34.867,-365.0,193.9
34.933,-365.5,193.9
35.000,-365.5,195.0
35.067,-367.6,196.4
35.133,-367.2,197.4
35.200,-367.6,198.6
35.267,-366.6,199.7
35.333,-366.4,200.7
35.400,-365.2,199.7
35.467,-367.5,199.6
35.533,-369.5,200.2
35.600,-370.4,199.5
35.667,-371.7,200.3
35.733,-372.1,200.2
35.800,-373.3,200.1
35.867,-373.2,200.6
35.933,-375.8,199.3
36.000,-377.6,198.5
36.067,-377.4,199.7
36.133,-376.1,199.5
36.200,-375.4,198.7
36.267,-375.4,196.5
36.333,-377.5,196.7
36.400,-378.3,195.2
36.467,-378.1,195.6
36.533,-376.9,197.2
36.600,-378.3,195.7
36.667,-379.7,195.8
36.733,-378.7,195.4
36.800,-379.1,196.9
36.867,-377.9,199.4
36.933,-378.3,199.2
37.000,-378.3,198.4
37.067,-377.8,199.3
37.133,-375.2,200.0
37.200,-375.7,200.4
37.267,-376.7,201.1
37.333,-376.6,200.2
37.400,-375.7,200.3
37.467,-374.6,200.1
37.533,-372.7,199.8
37.600,-372.6,199.7
37.667,-374.0,194.5
37.733,-374.2,194.6
37.800,-372.7,194.5
37.867,-373.4,196.0
37.933,-374.2,197.4
38.000,-372.7,198.3
38.067,-371.5,199.2
38.133,-371.3,198.8
38.200,-368.1,200.4
38.267,-369.9,183.8
38.333,-366.3,184.2
38.400,-370.7,184.7
38.467,-370.7,181.5
38.533,-371.1,180.1
38.600,-370.9,181.4
38.667,-369.4,182.6
38.733,-367.5,184.0
38.800,-364.9,184.5
38.867,-365.3,184.7
38.933,-365.3,186.1
39.000,-368.6,187.1
39.067,-367.4,187.4
39.133,-366.6,187.1
39.200,-365.1,188.3
39.267,-364.3,188.0
39.333,-365.3,189.2
39.400,-362.5,188.2
39.467,-361.9,189.0
39.533,-360.3,189.5
39.600,-355.0,188.4
39.667,-363.5,200.0
39.733,-364.6,199.2
39.800,-361.5,199.0
39.867,-360.6,202.0
39.933,-359.4,204.0
40.000,-362.5,205.1
40.067,-364.4,203.0
40.133,-364.3,202.3
40.200,-363.7,201.9
40.267,-364.5,199.1
40.333,-363.5,198.7
40.400,-364.2,195.9
40.467,-366.4,195.3
40.533,-366.9,197.0
40.600,-366.6,194.3
40.667,-365.5,194.5
40.733,-365.2,196.8
40.800,-364.4,199.0
40.867,-363.5,199.6
40.933,-361.4,199.7
41.000,-359.4,201.6
41.067,-358.1,198.5
41.133,-359.8,197.0
41.200,-358.8,196.4
41.267,-359.4,197.0
41.333,-359.4,197.7
41.400,-359.1,196.6
41.467,-357.8,199.0
41.533,-356.2,197.0
41.600,-357.1,198.0
41.667,-357.7,197.8
41.733,-359.2,195.5
41.800,-358.5,195.9
41.867,-356.8,197.3
41.933,-355.3,198.0
42.000,-351.3,200.0
42.067,-352.3,198.9
42.133,-350.7,197.2
42.200,-349.8,196.3
42.267,-352.4,194.3
42.333,-353.6,196.5
42.400,-353.5,197.0
42.467,-352.0,199.4
42.533,-351.6,201.1
42.600,-353.8,200.4
42.667,-354.8,200.0
42.733,-353.3,197.3
42.800,-355.0,197.5
42.867,-356.2,198.8
42.933,-358.3,198.8
43.000,-358.6,198.8
43.067,-356.6,200.9
43.133,-356.1,199.4
43.200,-356.6,198.1
43.267,-357.4,197.2
43.333,-357.1,198.2
43.400,-356.2,199.0
43.467,-355.7,199.2
43.533,-353.4,197.4
43.600,-351.2,194.5
43.667,-351.6,190.7
43.733,-354.4,194.2
43.800,-355.6,193.1
43.867,-355.0,191.6
43.933,-356.2,190.5
44.000,-355.7,189.1
44.067,-355.5,187.2
44.133,-354.4,185.8
44.200,-354.1,186.7
44.267,-353.8,186.1
44.333,-354.0,184.5
44.400,-353.4,185.3
44.467,-355.3,187.9
44.533,-356.7,188.3
44.600,-358.0,188.6
44.667,-356.4,187.8
44.733,-357.1,190.2
44.800,-355.3,189.7
44.867,-355.5,189.6
44.933,-356.8,187.2
45.000,-358.7,186.9
45.067,-360.5,187.9
45.133,-360.4,187.7
45.200,-361.2,186.2
45.267,-360.6,187.0
45.333,-360.2,187.2
45.400,-359.4,186.3
45.467,-359.8,183.9
45.533,-360.0,184.3
45.600,-361.0,182.8
45.667,-360.6,184.0
45.733,-359.1,183.9
45.800,-359.1,181.8
45.867,-360.1,181.8
45.933,-359.8,181.0
46.000,-357.2,181.3
46.067,-358.2,181.7
46.133,-360.2,179.8
46.200,-357.5,182.4
46.267,-355.3,181.9
46.333,-352.6,180.3
46.400,-352.4,180.3
46.467,-353.7,183.3
46.533,-354.7,180.2
46.600,-353.3,181.2
46.667,-350.2,183.0
46.733,-348.2,180.2
46.800,-349.4,177.9
46.867,-352.8,176.5
46.933,-353.6,177.1
47.000,-354.8,177.8
47.067,-354.4,179.1
47.133,-354.5,179.3
47.200,-354.6,180.3
47.267,-355.6,182.9
47.333,-353.7,183.1
47.400,-352.3,185.4
47.467,-353.7,186.0
47.533,-350.8,185.1
47.600,-350.4,185.0
47.667,-350.2,183.0
47.733,-351.3,183.6
47.800,-350.5,183.7
47.867,-351.5,183.1
47.933,-351.6,180.5
48.000,-351.3,180.3
48.067,-349.4,181.6
48.133,-348.2,182.7
48.200,-352.0,183.5
48.267,-347.0,176.5
48.333,-346.4,176.3
48.400,-351.5,174.5
48.467,-351.9,174.5
48.533,-350.7,174.4
48.600,-351.7,172.3
48.667,-353.0,172.4
48.733,-356.5,172.5
48.800,-357.7,172.2
48.867,-355.4,170.6
48.933,-354.4,168.5
49.000,-357.0,169.5
49.067,-359.2,170.3
49.133,-357.9,170.2
49.200,-356.1,169.4
49.267,-349.5,167.5
49.333,-348.4,169.1
49.400,-348.2,169.3
49.467,-350.0,172.8
49.533,-349.9,171.3
49.600,-347.9,169.4
49.667,-346.3,169.6
49.733,-347.1,169.0
49.800,-349.8,169.3
49.867,-351.6,168.8
49.933,-350.5,170.1
50.000,-348.4,169.7
50.067,-347.5,167.4
50.133,-348.1,167.7
50.200,-349.1,166.4
50.267,-347.7,163.2
50.333,-347.1,164.5
50.400,-347.3,163.6
50.467,-350.0,167.0
50.533,-349.8,164.2
50.600,-348.5,163.5
50.667,-345.7,163.0
50.733,-346.0,164.5
50.800,-346.9,164.5
50.867,-348.3,163.6
50.933,-348.3,162.4
51.000,-345.5,162.3
51.067,-348.5,168.5
51.133,-353.5,180.5
51.200,-357.6,181.1
51.267,-358.6,180.8
51.333,-358.2,181.0
51.400,-357.1,179.9
51.467,-362.5,171.5
51.533,-360.0,179.0
51.600,-365.5,168.5
51.667,-362.0,169.0
51.733,-365.5,165.0
51.800,-364.0,163.0
51.867,-354.9,152.2
51.933,-360.5,159.0
52.000,-367.5,168.5
52.067,-365.5,166.5
52.133,-369.0,177.5
52.200,-352.7,148.8
52.267,-367.0,180.5
52.333,-356.2,167.6
52.400,-349.9,146.8
52.467,-359.0,171.5
52.533,-370.0,172.5
52.600,-377.0,176.0
52.667,-377.0,176.0
52.733,-377.0,176.0
52.800,-377.0,176.0
52.867,-377.0,177.5
52.933,-377.1,178.6
53.000,-377.0,178.5
53.067,-378.6,179.2
53.133,-378.1,180.5
53.200,-376.9,181.1
53.267,-380.0,181.7
53.333,-382.6,184.1
53.400,-387.1,186.6
53.467,-389.0,185.9
53.533,-387.8,186.2
53.600,-387.8,187.5
53.667,-390.7,188.1
53.733,-392.7,190.4
53.800,-392.9,188.1
53.867,-394.0,187.6
53.933,-394.2,187.7
54.000,-395.9,184.5
54.067,-393.9,184.8
54.133,-392.9,186.4
54.200,-393.9,186.2
54.267,-393.2,189.9
54.333,-393.7,186.1
54.400,-392.0,183.8
54.467,-391.7,183.1
54.533,-386.7,187.1
54.600,-386.0,189.2
54.667,-385.4,190.9
54.733,-385.1,187.8
54.800,-383.1,187.6
54.867,-383.9,189.4
54.933,-384.7,191.3
55.000,-381.4,191.6
55.067,-380.7,192.0
55.133,-381.7,189.4
55.200,-382.4,187.9
55.267,-383.7,188.5
55.333,-383.9,186.4
55.400,-385.2,185.0
55.467,-385.0,186.1
55.533,-384.6,186.2
55.600,-381.9,187.8
55.667,-382.9,187.3
55.733,-383.7,186.7
55.800,-382.0,186.4
55.867,-382.5,172.0
55.933,-382.5,170.2
56.000,-383.2,168.5
56.067,-386.6,169.3
56.133,-384.0,170.0
56.200,-383.0,169.4
56.267,-380.5,168.4
56.333,-381.1,167.2
56.400,-383.1,166.8
56.467,-384.1,165.2
56.533,-382.9,165.6
56.600,-380.2,164.7
56.667,-381.5,163.4
56.733,-383.1,164.4
56.800,-382.6,165.0
56.867,-383.1,164.6
56.933,-385.3,163.9
57.000,-385.3,165.8
57.067,-386.3,167.0
57.133,-387.6,168.1
57.200,-387.3,168.7
57.267,-387.3,170.0
57.333,-388.4,168.3
57.400,-388.4,167.9
57.467,-386.7,167.9
57.533,-384.5,167.7
57.600,-384.7,166.4
57.667,-385.4,166.0
57.733,-386.7,164.9
57.800,-387.4,164.3
57.867,-387.0,164.2
57.933,-385.9,162.8
58.000,-383.3,162.7
58.067,-382.5,163.6
58.133,-383.1,164.1
58.200,-383.6,165.3
58.267,-384.3,166.0
58.333,-385.8,167.5
58.400,-387.0,166.8
58.467,-387.3,164.0
58.533,-386.5,165.0
58.600,-385.0,166.7
58.667,-384.4,168.8
58.733,-384.4,170.4
58.800,-386.2,170.9
58.867,-384.7,172.2
58.933,-384.4,170.7
59.000,-382.4,170.4
59.067,-381.7,170.9
59.133,-381.0,170.7
59.200,-381.4,170.0
59.267,-384.0,170.5
59.333,-383.5,171.6
59.400,-384.5,172.0
59.467,-384.8,170.8
59.533,-383.2,169.6
59.600,-383.8,169.3
59.667,-384.2,170.3
59.733,-383.2,170.9
59.800,-382.1,170.8
59.867,-382.4,171.8
59.933,-384.5,173.2
60.000,-384.1,172.3
60.067,-383.7,169.9
60.133,-383.8,168.1
60.200,-383.4,168.0
60.267,-382.2,168.2
60.333,-380.4,168.0
60.400,-377.9,167.6
60.467,-374.0,165.0
60.533,-371.2,165.2
60.600,-372.6,165.0
60.667,-373.1,164.1
60.733,-374.0,162.0
60.800,-374.4,162.7
60.867,-373.9,162.0
60.933,-368.5,168.5
61.000,-372.5,161.0
61.067,-374.4,163.1
61.133,-376.3,163.9
61.200,-375.4,161.9
61.267,-375.8,161.0
61.333,-375.4,163.1
61.400,-372.5,158.5
61.467,-370.3,158.6
61.533,-367.5,159.7
61.600,-368.0,162.3
61.667,-368.7,161.5
61.733,-370.0,161.5
61.800,-368.8,158.6
61.867,-367.5,159.5
61.933,-367.0,161.2
62.000,-365.7,162.4
62.067,-364.7,162.4
62.133,-363.5,162.3
62.200,-365.5,163.4
62.267,-367.4,162.6
62.333,-364.0,156.5
62.400,-363.5,157.6
62.467,-364.5,158.8
62.533,-363.7,160.8
62.600,-363.8,161.6
62.667,-365.0,161.4
62.733,-365.0,166.5
62.800,-366.3,167.5
62.867,-363.8,166.0
62.933,-362.0,163.0
63.000,-361.0,162.5
63.067,-362.0,163.0
63.133,-364.9,163.9
63.200,-363.5,162.5
63.267,-352.0,175.5
63.333,-352.1,174.3
63.400,-354.0,180.0
63.467,-354.9,175.3
63.533,-355.8,174.6
63.600,-358.4,175.2
63.667,-356.2,175.4
63.733,-354.1,178.3
63.800,-352.3,177.5
63.867,-354.5,181.5
63.933,-359.0,183.5
64.000,-353.7,181.6
64.067,-361.0,179.0
64.133,-353.5,181.5
64.200,-361.5,177.0
64.267,-355.5,181.4
64.333,-355.7,181.6
64.400,-353.9,181.4
64.467,-352.4,182.5
64.533,-352.3,182.4
64.600,-350.6,185.8
64.667,-352.2,185.5
64.733,-353.1,184.7
64.800,-351.5,185.7
64.867,-350.8,188.4
64.933,-353.6,185.4
65.000,-351.9,183.7
65.067,-357.0,177.0
65.133,-355.9,176.1
65.200,-362.0,179.5
65.267,-359.0,178.5
65.333,-359.5,179.1
65.400,-359.0,187.0
65.467,-358.0,186.4
65.533,-360.4,183.4
65.600,-360.2,182.8
65.667,-361.2,182.4
65.733,-362.1,182.9
65.800,-362.2,180.7
65.867,-361.8,181.2
65.933,-363.1,181.9
66.000,-362.0,183.1
66.067,-361.8,182.8
66.133,-361.8,184.2
66.200,-360.4,184.7
66.267,-358.7,184.8
66.333,-358.1,184.2
66.400,-358.0,184.2
66.467,-360.4,184.6
66.533,-360.4,185.3
66.600,-361.3,186.2
66.667,-362.3,186.1
66.733,-362.0,187.3
66.800,-361.4,187.9
66.867,-360.8,186.8
66.933,-362.2,187.9
67.000,-362.7,191.1
67.067,-362.1,189.1
67.133,-360.8,189.2
67.200,-362.1,188.8
67.267,-362.0,190.0
67.333,-359.9,191.2
67.400,-360.0,189.9
67.467,-360.8,189.4
67.533,-361.1,189.4
67.600,-359.7,188.3
67.667,-361.0,188.3
67.733,-359.0,186.2
67.800,-359.7,186.0
67.867,-363.0,185.0
67.933,-364.1,186.5
68.000,-363.8,185.9
68.067,-362.9,185.2
68.133,-363.5,185.6
68.200,-362.7,186.4
68.267,-362.9,186.0
68.333,-362.9,187.1
68.400,-362.0,187.4
68.467,-364.9,190.8
68.533,-366.4,190.5
68.600,-364.0,193.6
68.667,-362.9,194.6
68.733,-361.2,192.6
68.800,-361.9,194.1
68.867,-361.7,195.1
68.933,-359.7,193.3
69.000,-360.4,192.8
69.067,-360.0,189.5
69.133,-359.2,191.0
69.200,-361.2,191.9
69.267,-359.9,191.4
69.333,-359.0,191.0
69.400,-356.8,192.0
69.467,-356.0,193.8
69.533,-354.8,194.2
69.600,-354.9,196.0
69.667,-353.0,194.0
69.733,-350.9,194.3
69.800,-349.6,195.1
69.867,-348.2,193.5
69.933,-347.0,194.0
70.000,-347.6,192.9
70.067,-347.1,193.9
70.133,-345.3,194.3
70.200,-345.0,195.5
70.267,-346.3,197.6
70.333,-347.3,199.3
70.400,-346.7,201.9
70.467,-347.8,203.6
70.533,-347.1,204.8
70.600,-346.2,203.6
70.667,-345.7,202.5
70.733,-346.3,200.2
70.800,-345.5,198.8
70.867,-345.8,198.3
70.933,-347.0,197.6
71.000,-345.1,198.3
71.067,-344.6,200.5
71.133,-344.9,198.2
71.200,-344.9,198.1
71.267,-342.8,195.9
71.333,-344.1,193.8
71.400,-346.1,194.0
71.467,-343.9,194.2
71.533,-340.8,193.9
71.600,-337.8,193.8
71.667,-337.5,195.4
71.733,-336.1,195.5
71.800,-334.4,195.8
71.867,-331.9,196.3
71.933,-333.1,196.3
72.000,-333.1,197.9
72.067,-335.0,200.5
72.133,-332.3,199.7
72.200,-335.1,201.0
72.267,-335.2,199.9
72.333,-335.1,200.7
72.400,-336.8,198.5
72.467,-337.2,198.8
72.533,-336.9,200.5
72.600,-336.7,201.3
72.667,-336.3,200.5
72.733,-335.0,198.3
72.800,-334.2,195.7
72.867,-333.6,195.1
72.933,-330.7,196.3
73.000,-329.7,196.6
73.067,-329.4,195.1
73.133,-327.7,197.2
73.200,-327.6,201.2
73.267,-328.2,201.0
73.333,-328.6,201.3
73.400,-327.6,200.5
73.467,-327.8,199.4
73.533,-326.8,199.3
73.600,-323.1,198.4
73.667,-323.9,198.3
73.733,-323.9,197.4
73.800,-326.7,197.4
73.867,-327.0,196.4
73.933,-325.8,197.0
74.000,-324.6,196.2
74.067,-323.7,193.5
74.133,-323.9,193.3
74.200,-323.7,194.0
74.267,-321.1,195.0
74.333,-318.8,196.2
74.400,-319.7,195.2
74.467,-320.7,196.2
74.533,-323.2,195.9
74.600,-322.9,197.4
74.667,-322.4,196.9
74.733,-323.0,196.7
74.800,-319.9,198.0
74.867,-316.5,202.5
74.933,-317.6,203.0
75.000,-317.8,203.1
75.067,-318.6,202.5
75.133,-319.0,199.0
75.200,-321.0,198.5
75.267,-319.0,194.0
75.333,-320.7,194.1
75.400,-322.6,194.1
75.467,-321.0,192.2
75.533,-313.0,197.0
75.600,-313.6,196.2
75.667,-313.1,197.0
75.733,-312.8,197.0
75.800,-313.0,198.0
75.867,-314.0,199.2
75.933,-316.2,197.9
76.000,-325.0,199.0
76.067,-325.3,197.6
76.133,-326.2,197.9
76.200,-327.9,198.5
76.267,-326.9,198.9
76.333,-327.1,198.9
76.400,-327.8,199.4
76.467,-327.0,199.6
76.533,-327.2,200.2
76.600,-325.9,199.9
76.667,-324.4,197.6
76.733,-324.2,197.1
76.800,-324.2,199.6
76.867,-327.2,200.7
76.933,-328.7,202.9
77.000,-329.1,203.0
77.067,-330.1,201.8
77.133,-327.9,202.9
77.200,-326.8,205.0
77.267,-326.0,204.0
77.333,-325.1,203.1
77.400,-324.3,202.6
77.467,-323.9,202.6
77.533,-323.9,203.4
77.600,-324.3,203.1
77.667,-327.3,204.7
77.733,-326.8,206.4
77.800,-329.3,209.0
77.867,-326.8,208.1
77.933,-326.4,206.7
78.000,-324.3,205.8
78.067,-323.1,205.1
78.133,-320.4,203.7
78.200,-320.3,204.9
78.267,-323.3,205.6
78.333,-324.9,206.1
78.400,-325.1,204.3
78.467,-323.4,203.7
78.533,-322.1,204.4
78.600,-321.0,203.2
78.667,-320.9,203.8
78.733,-320.7,205.1
78.800,-320.5,203.8
78.867,-318.2,200.9
78.933,-317.9,200.3
79.000,-315.5,203.5
79.067,-320.0,199.0
79.133,-320.3,200.1
79.200,-319.9,200.2
79.267,-318.5,209.0
79.333,-318.4,209.2
79.400,-319.4,207.8
79.467,-319.9,209.1
79.533,-317.5,209.5
79.600,-314.8,209.2
79.667,-315.8,208.9
79.733,-315.7,212.0
79.800,-315.8,214.6
79.867,-316.3,214.7
79.933,-318.1,213.5
80.000,-318.2,212.9
80.067,-317.4,211.6
80.133,-318.7,209.3
80.200,-317.8,212.0
80.267,-313.5,213.8
80.333,-312.0,214.4
80.400,-313.5,216.3
80.467,-315.5,217.2
80.533,-315.5,216.4
80.600,-316.0,217.0
80.667,-315.4,217.0
80.733,-317.7,217.0
80.800,-318.5,217.7
80.867,-321.1,219.3
80.933,-321.2,219.2
81.000,-319.7,217.9
81.067,-317.7,217.3
81.133,-314.6,218.0
81.200,-312.4,216.9
81.267,-313.5,217.9
81.333,-314.4,216.5
81.400,-316.9,217.0
81.467,-316.7,217.7
81.533,-315.6,218.8
81.600,-318.0,220.5
81.667,-320.6,223.2
81.733,-320.4,223.8
81.800,-321.6,223.7
81.867,-323.5,222.9
81.933,-325.5,222.7
82.000,-325.3,224.2
82.067,-327.3,224.9
82.133,-326.6,224.1
82.200,-326.7,224.8
82.267,-326.8,224.8
82.333,-326.3,224.3
82.400,-328.8,223.8
82.467,-328.9,223.7
82.533,-329.5,225.1
82.600,-327.9,226.0
82.667,-324.6,226.1
82.733,-326.7,227.1
82.800,-327.6,227.6
82.867,-325.7,227.3
82.933,-324.3,227.1
83.000,-325.2,226.9
83.067,-327.2,227.3
83.133,-326.0,227.7
83.200,-324.4,227.7
83.267,-325.5,227.0
83.333,-327.4,229.9
83.400,-329.1,228.8
83.467,-330.1,230.4
83.533,-329.8,232.0
83.600,-329.3,232.9
83.667,-330.0,230.3
83.733,-328.9,229.7
83.800,-327.9,228.4
83.867,-326.0,228.2
83.933,-324.2,227.2
84.000,-326.3,226.7
84.067,-327.1,227.7
84.133,-327.1,227.4
84.200,-326.5,225.4
84.267,-328.5,224.9
84.333,-330.2,225.0
84.400,-329.7,225.0
84.467,-331.3,226.9
84.533,-332.3,226.7
84.600,-332.8,226.0
84.667,-332.7,222.8
84.733,-332.9,222.7
84.800,-330.9,223.7
84.867,-330.8,225.0
84.933,-331.3,224.0
85.000,-331.5,221.3
85.067,-330.3,222.3
85.133,-328.4,224.2
85.200,-328.4,224.7
85.267,-330.3,222.9
85.333,-329.2,220.8
85.400,-329.5,219.8
85.467,-328.7,218.0
85.533,-329.3,216.1
85.600,-330.1,216.0
85.667,-331.9,216.9
85.733,-331.4,217.7
85.800,-330.9,217.8
85.867,-328.4,218.0
85.933,-328.5,219.1
86.000,-329.1,219.9
86.067,-327.6,221.0
86.133,-326.3,220.4
86.200,-327.7,221.6
86.267,-327.6,222.8
86.333,-328.3,222.2
86.400,-330.0,223.2
86.467,-329.5,223.3
86.533,-330.6,224.6
86.600,-330.5,223.0
86.667,-330.7,223.9
86.733,-332.1,223.2
86.800,-332.8,222.6
86.867,-333.4,222.8
86.933,-335.0,224.4
87.000,-335.0,225.8
87.067,-338.4,227.3
87.133,-336.6,228.0
87.200,-336.1,227.2
87.267,-337.8,229.6
87.333,-339.3,231.0
87.400,-340.6,234.6
87.467,-342.4,235.8
87.533,-344.6,235.6
87.600,-344.1,234.2
87.667,-344.3,232.1
87.733,-345.4,231.7
87.800,-346.4,232.1
87.867,-345.9,233.0
87.933,-345.8,233.8
88.000,-346.0,235.4
88.067,-346.1,234.3
88.133,-345.4,234.5
88.200,-345.4,234.8
88.267,-344.4,235.8
88.333,-344.2,235.1
88.400,-344.6,234.9
88.467,-344.9,236.1
88.533,-344.6,236.9
88.600,-344.2,238.1
88.667,-344.7,237.0
88.733,-342.7,237.0
88.800,-343.2,237.8
88.867,-342.6,237.1
88.933,-342.3,235.4
89.000,-340.7,234.9
89.067,-339.3,234.0
89.133,-338.2,234.3
89.200,-338.3,233.8
89.267,-338.6,233.1
89.333,-337.9,230.7
89.400,-336.5,230.6
89.467,-335.6,229.9
89.533,-335.7,229.4
89.600,-335.1,229.9
89.667,-335.1,230.4
89.733,-332.2,231.2
89.800,-330.6,231.2
89.867,-331.5,231.1
89.933,-332.2,232.0
90.000,-333.4,233.5
90.067,-334.8,233.4
90.133,-333.8,231.6
90.200,-333.8,231.3
90.267,-335.0,232.4
90.333,-336.2,235.0
90.400,-337.4,233.9
90.467,-338.5,234.9
90.533,-338.9,235.8
90.600,-339.8,235.7
90.667,-336.7,231.8
90.733,-336.3,232.7
90.800,-335.0,231.5
90.867,-334.7,229.9
90.933,-332.8,229.9
91.000,-333.2,230.3
91.067,-334.3,229.1
91.133,-336.0,230.2
91.200,-334.5,230.8
91.267,-331.8,229.0
91.333,-333.3,229.3
91.400,-331.8,229.9
91.467,-333.0,230.3
91.533,-335.2,230.9
91.600,-336.3,230.8
91.667,-335.5,229.9
91.733,-334.3,228.0
91.800,-335.3,226.4
91.867,-337.2,227.3
91.933,-337.6,228.1
92.000,-338.4,228.2
92.067,-338.5,229.3
92.133,-338.6,227.9
92.200,-338.1,226.4
92.267,-337.0,224.2
92.333,-338.5,222.5
92.400,-339.5,222.2
92.467,-341.2,222.8
92.533,-339.7,223.2
92.600,-338.0,224.3
92.667,-337.3,223.9
92.733,-337.5,223.8
92.800,-337.9,221.6
92.867,-339.8,220.5
92.933,-340.2,221.4
93.000,-341.0,223.1
93.067,-342.5,222.7
93.133,-344.7,220.9
93.200,-344.9,219.2
93.267,-346.6,220.4
93.333,-346.9,222.3
93.400,-347.7,221.3
93.467,-348.1,218.4
93.533,-345.9,218.0
93.600,-343.6,215.2
93.667,-344.5,215.0
93.733,-345.7,215.3
93.800,-346.5,214.8
93.867,-349.0,214.0
93.933,-348.4,214.2
94.000,-352.4,214.8
94.067,-353.0,214.1
94.133,-353.3,213.5
94.200,-352.1,213.9
94.267,-351.6,216.3
94.333,-350.5,216.3
94.400,-351.3,216.9
94.467,-350.3,216.0
94.533,-349.1,215.5
94.600,-346.7,218.0
94.667,-346.6,218.3
94.733,-349.1,219.4
94.800,-349.9,216.9
94.867,-349.7,219.0
94.933,-349.0,221.1
95.000,-349.4,222.4
95.067,-350.0,222.1
95.133,-350.5,222.3
95.200,-352.4,225.7
95.267,-354.0,224.6
95.333,-356.1,225.3
95.400,-358.8,222.5
95.467,-361.9,224.5
95.533,-362.4,225.1
95.600,-363.4,224.0
95.667,-363.4,222.3
95.733,-362.8,223.9
95.800,-362.7,225.4
95.867,-365.0,227.1
95.933,-365.9,229.7
96.000,-365.2,229.7
96.067,-362.7,229.5
96.133,-359.9,231.8
96.200,-363.0,233.0
96.267,-364.1,232.9
96.333,-363.0,233.2
96.400,-364.9,233.0
96.467,-364.7,232.2
96.533,-367.0,230.8
96.600,-368.8,234.0
96.667,-369.2,235.9
96.733,-369.8,233.8
96.800,-370.3,233.0
96.867,-374.3,233.4
96.933,-374.0,232.0
97.000,-371.2,232.0
97.067,-370.6,231.7
97.133,-371.8,232.1
97.200,-373.7,231.9
97.267,-375.4,230.3
97.333,-377.1,227.0
97.400,-378.4,228.1
97.467,-379.7,227.8
97.533,-380.6,231.0
97.600,-380.2,232.3
97.667,-375.0,221.5
97.733,-375.2,221.6
97.800,-380.5,230.5
97.867,-380.8,232.0
97.933,-381.2,229.9
98.000,-383.1,228.5
98.067,-375.0,226.0
98.133,-376.4,226.1
98.200,-378.5,225.9
98.267,-379.0,228.0
98.333,-378.6,227.7
98.400,-378.2,227.3
98.467,-379.8,225.0
98.533,-378.9,226.0
98.600,-378.9,228.4
98.667,-378.9,229.6
98.733,-383.7,227.9
98.800,-393.0,236.5
98.867,-375.0,215.0
98.933,-375.3,215.7
99.000,-375.7,215.5
99.067,-378.8,215.8
99.133,-381.6,214.8
99.200,-383.6,216.1
99.267,-384.4,216.3
99.333,-386.0,216.5
99.400,-386.4,215.1
99.467,-387.3,216.2
99.533,-387.7,218.4
99.600,-387.0,218.6
99.667,-386.8,220.4
99.733,-386.8,220.9
99.800,-387.0,221.0
99.867,-389.5,220.9
99.933,-390.2,221.1
100.000,-391.8,222.7
100.067,-392.3,223.2
100.133,-392.4,223.8
100.200,-393.0,222.7
100.267,-390.1,221.1
100.333,-388.0,220.1
100.400,-387.6,220.7
100.467,-387.3,221.3
100.533,-385.3,221.9
100.600,-385.1,219.6
100.667,-383.7,221.8
100.733,-384.8,222.6
100.800,-387.1,221.2
100.867,-386.8,220.6
100.933,-387.4,223.1
101.000,-387.0,221.4
101.067,-388.1,219.6
101.133,-389.5,219.0
101.200,-388.1,218.5
101.267,-386.8,217.4
101.333,-385.3,216.6
101.400,-385.9,215.3
101.467,-385.8,215.6
101.533,-384.9,215.3
101.600,-383.9,215.6
101.667,-382.3,216.4
101.733,-383.0,218.1
101.800,-383.2,218.5
101.867,-383.7,218.8
101.933,-384.0,218.6
102.000,-382.9,219.5
102.067,-383.6,220.0
102.133,-385.3,219.8
102.200,-385.5,219.9
102.267,-385.9,221.0
102.333,-385.5,219.2
102.400,-384.7,217.3
102.467,-384.9,217.8
102.533,-382.7,220.3
102.600,-382.6,220.7
102.667,-382.0,221.7
102.733,-380.1,220.8
102.800,-378.4,221.5
102.867,-380.5,221.7
102.933,-382.2,221.1
103.000,-380.6,220.5
103.067,-380.6,218.1
103.133,-380.5,216.2
103.200,-380.5,216.0
103.267,-380.3,216.9
103.333,-380.3,216.4
103.400,-382.7,215.1
103.467,-382.3,213.9
103.533,-382.7,212.3
103.600,-383.8,212.1
103.667,-384.1,212.4
103.733,-385.2,212.5
103.800,-386.8,211.5
103.867,-385.8,210.0
103.933,-385.5,208.7
104.000,-385.4,209.3
104.067,-383.8,210.7
104.133,-382.6,211.9
104.200,-383.2,209.8
104.267,-383.5,209.9
104.333,-382.3,210.2
104.400,-380.9,210.3
104.467,-379.6,210.9
104.533,-379.6,208.8
104.600,-379.1,207.6
104.667,-376.2,206.0
104.733,-373.6,204.8
104.800,-373.7,205.7
104.867,-372.3,205.2
104.933,-370.4,204.7
105.000,-369.0,204.7
105.067,-370.0,203.3
105.133,-372.4,200.5
105.200,-372.1,198.5
105.267,-372.9,198.8
105.333,-373.4,200.4
105.400,-373.6,199.8
105.467,-375.7,198.2
105.533,-375.7,194.9
105.600,-376.6,193.6
105.667,-376.8,193.9
105.733,-378.4,193.2
105.800,-377.9,196.6
105.867,-375.6,197.4
105.933,-376.6,198.0
106.000,-378.2,198.2
106.067,-378.8,198.5
106.133,-377.7,200.3
106.200,-378.0,197.2
106.267,-378.4,196.8
106.333,-377.6,196.0
106.400,-380.1,196.4
106.467,-381.6,197.5
106.533,-383.0,196.2
106.600,-384.6,199.0
106.667,-382.0,197.4
106.733,-380.3,194.1
106.800,-381.2,191.1
106.867,-381.0,190.1
106.933,-380.8,189.3
107.000,-379.7,190.4
107.067,-378.8,186.6
107.133,-380.6,187.7
107.200,-381.4,187.7
107.267,-380.7,185.1
107.333,-380.6,185.9
107.400,-381.8,187.1
107.467,-380.9,185.4
107.533,-381.6,184.6
107.600,-382.2,183.6
107.667,-380.2,187.6
107.733,-380.1,188.9
107.800,-381.5,189.1
107.867,-383.8,190.0
107.933,-385.0,190.9
108.000,-383.8,192.2
108.067,-381.9,191.0
108.133,-380.9,191.5
108.200,-380.5,190.8
108.267,-379.8,189.1
108.333,-380.6,188.2
108.400,-381.6,187.4
108.467,-380.0,190.2
108.533,-379.6,191.2
108.600,-379.6,191.4
108.667,-379.2,187.7
108.733,-376.5,186.5
108.800,-375.2,187.0
108.867,-375.5,188.1
108.933,-376.0,188.6
109.000,-376.6,188.3
109.067,-377.2,187.8
109.133,-380.0,186.8
109.200,-379.1,185.4
109.267,-380.2,183.2
109.333,-381.4,182.3
109.400,-382.3,182.9
109.467,-379.9,184.9
109.533,-379.8,186.1
109.600,-381.5,187.0
109.667,-382.4,184.0
109.733,-381.3,184.2
109.800,-380.4,183.5
109.867,-382.3,182.7
109.933,-384.2,182.7
110.000,-384.3,182.0
110.067,-382.7,182.0
110.133,-383.4,183.9
110.200,-384.0,184.2
110.267,-382.8,185.0
110.333,-379.8,182.9
110.400,-380.4,182.8
110.467,-380.0,182.7
110.533,-379.9,182.6
110.600,-379.3,182.1
110.667,-379.7,180.2
110.733,-380.6,180.6
110.800,-382.0,179.1
110.867,-381.1,178.3
110.933,-381.2,179.1
111.000,-381.1,179.7
111.067,-383.3,179.1
111.133,-385.0,178.9
111.200,-384.9,178.5
111.267,-385.4,180.4
111.333,-385.3,181.7
111.400,-385.0,179.5
111.467,-385.0,181.4
111.533,-385.4,182.5
111.600,-384.9,181.5
111.667,-387.3,179.9
111.733,-389.1,180.6
111.800,-390.6,179.9
111.867,-391.7,178.5
111.933,-393.2,179.2
112.000,-393.1,179.4
112.067,-389.4,176.8
112.133,-389.0,175.6
112.200,-388.9,176.4
112.267,-386.7,177.2
112.333,-384.4,176.9
112.400,-383.7,176.4
112.467,-383.1,177.5
112.533,-383.2,180.9
112.600,-382.7,183.2
112.667,-382.3,182.6
112.733,-382.5,182.8
112.800,-382.3,184.5
112.867,-381.1,184.2
112.933,-382.0,186.2
113.000,-383.3,188.2
113.067,-382.9,189.8
113.133,-383.0,188.5
113.200,-382.6,188.8
113.267,-384.3,187.7
113.333,-386.3,187.5
113.400,-388.7,189.7
113.467,-389.0,191.6
113.533,-386.8,192.4
113.600,-383.8,191.9
113.667,-383.7,192.1
113.733,-383.1,190.7
113.800,-384.6,190.2
113.867,-385.0,189.4
113.933,-386.2,189.8
114.000,-387.9,191.0
114.067,-387.3,191.9
114.133,-385.8,191.4
114.200,-386.9,192.0
114.267,-386.5,193.1
114.333,-385.7,194.2
114.400,-387.0,193.9
114.467,-388.4,195.8
114.533,-389.0,198.8
114.600,-404.0,208.5
114.667,-403.8,207.5
114.733,-404.7,205.5
114.800,-403.7,205.4
114.867,-404.9,205.6
114.933,-406.3,206.4
115.000,-408.0,199.0
115.067,-407.0,198.0
115.133,-405.3,197.3
115.200,-403.3,197.9
115.267,-403.0,196.9
115.333,-403.8,196.8
115.400,-402.1,194.5
115.467,-399.9,196.2
115.533,-402.1,196.4
115.600,-402.9,197.4
115.667,-403.3,198.7
115.733,-400.3,200.0
115.800,-398.2,201.0
115.867,-395.9,201.0
115.933,-392.5,202.5
116.000,-390.9,201.4
116.067,-392.9,200.7
116.133,-392.6,202.1
116.200,-391.6,202.2
116.267,-391.2,202.1
116.333,-391.5,201.0
116.400,-390.3,200.6
116.467,-389.5,202.4
116.533,-389.2,204.0
116.600,-387.0,203.9
116.667,-385.9,203.2
116.733,-387.5,203.2
116.800,-388.6,203.4
116.867,-386.6,204.4
116.933,-385.3,202.9
117.000,-382.7,200.4
117.067,-381.8,202.3
117.133,-380.8,202.9
117.200,-379.5,201.5
117.267,-379.4,201.8
117.333,-380.4,202.7
117.400,-380.3,203.0
117.467,-380.0,204.0
117.533,-378.2,204.0
117.600,-379.8,206.0
117.667,-381.5,206.1
117.733,-383.4,205.8
117.800,-385.6,207.1
117.867,-383.8,205.2
117.933,-384.4,206.8
118.000,-383.0,207.8
118.067,-381.7,208.0
118.133,-380.9,208.0
118.200,-381.6,209.0
118.267,-383.8,208.9
118.333,-384.4,208.1
118.400,-385.8,210.3
118.467,-386.7,209.8
118.533,-384.5,209.3
118.600,-382.7,209.2
118.667,-379.8,209.3
118.733,-378.7,208.3
118.800,-378.7,208.0
118.867,-381.0,209.1
118.933,-380.6,209.3
119.000,-380.4,209.9
119.067,-381.8,211.9
119.133,-378.7,213.4
119.200,-379.3,214.8
119.267,-377.6,214.4
119.333,-376.0,214.0
119.400,-373.5,213.5
119.467,-373.2,212.8
119.533,-373.6,214.4
119.600,-373.8,214.2
119.667,-375.6,216.4
119.733,-376.4,214.9
119.800,-377.6,215.2
119.867,-378.9,216.0
119.933,-381.2,218.6
120.000,-381.7,217.4
120.067,-379.8,215.4
120.133,-380.1,214.7
120.200,-379.1,215.9
120.267,-378.4,217.9
120.333,-378.4,221.7
120.400,-376.9,223.9
120.467,-377.3,223.6
120.533,-378.4,224.7
120.600,-376.6,224.9
120.667,-375.9,225.9
120.733,-376.6,226.1
120.800,-375.7,225.2
120.867,-377.2,223.9
120.933,-378.9,225.1
121.000,-380.1,225.5
121.067,-378.7,225.4
121.133,-379.9,226.0
121.200,-378.8,225.2
121.267,-382.5,224.6
121.333,-382.6,223.9
121.400,-383.6,222.0
121.467,-389.0,220.1
121.533,-388.7,222.3
121.600,-387.2,224.1
121.667,-387.9,224.9
121.733,-389.5,224.7
121.800,-388.6,227.0
121.867,-389.1,227.9
121.933,-386.8,229.0
122.000,-387.7,231.2
122.067,-388.0,231.2
122.133,-386.8,230.2
122.200,-384.0,230.7
122.267,-383.7,231.1
122.333,-382.1,230.5
122.400,-384.9,229.5
122.467,-382.9,227.3
122.533,-382.9,227.1
122.600,-379.2,228.4
122.667,-378.0,227.9
122.733,-376.3,227.0
122.800,-375.8,227.2
122.867,-375.7,225.2
122.933,-377.1,224.7
123.000,-377.2,223.9
123.067,-378.4,224.2
123.133,-380.5,224.1
123.200,-381.8,224.2
123.267,-382.7,226.8
123.333,-382.0,227.7
123.400,-384.3,228.7