t,x,y
0.000,-240.0,434.0
0.067,-243.8,432.2
0.133,-243.4,432.7
0.200,-242.5,434.8
0.267,-241.7,433.8
0.333,-239.6,434.2
0.400,-242.9,434.8
0.467,-243.7,434.9
0.533,-242.8,436.6
0.600,-242.8,434.6
0.667,-241.0,433.9
0.733,-239.0,435.2
0.800,-239.8,434.6
0.867,-243.9,434.0
0.933,-242.8,433.2
1.000,-236.5,435.3
1.067,-235.4,437.2
1.133,-236.1,438.1
1.200,-236.4,436.2
1.267,-240.8,433.8
1.333,-241.8,432.5
1.400,-248.0,433.8
1.467,-248.2,436.3
1.533,-249.3,437.2
1.600,-247.4,437.6
1.667,-246.2,438.4
1.733,-247.1,439.4
1.800,-251.4,441.0
1.867,-250.2,440.8
1.933,-247.6,438.3
2.000,-247.4,434.5
2.067,-245.0,431.9
2.133,-247.3,433.1
2.200,-250.6,433.1
2.267,-250.9,432.3
2.333,-250.3,429.8
2.400,-248.7,430.7
2.467,-248.1,432.9
2.533,-247.6,432.3
2.600,-250.8,439.1
2.667,-252.7,439.2
2.733,-254.3,437.7
2.800,-257.9,436.9
2.867,-258.7,433.0
2.933,-262.4,429.2
3.000,-261.7,427.9
3.067,-261.7,429.3
3.133,-264.1,432.2
3.200,-262.4,433.0
3.267,-261.5,434.6
3.333,-257.5,439.5
3.400,-254.7,437.7
3.467,-254.9,437.8
3.533,-254.9,441.0
3.600,-256.3,443.7
3.667,-259.1,444.9
3.733,-262.0,444.9
3.800,-264.7,444.1
3.867,-266.4,445.6
3.933,-264.8,446.5
4.000,-265.6,446.0
4.067,-268.0,445.7
4.133,-269.4,448.9
4.200,-271.7,449.0
4.267,-272.7,448.3
4.333,-270.6,447.0
4.400,-269.2,447.9
4.467,-270.6,448.8
4.533,-271.2,450.1
4.600,-273.0,449.7
4.667,-273.0,451.7
4.733,-273.6,453.8
4.800,-274.6,450.0
4.867,-276.9,446.0
4.933,-276.2,442.4
5.000,-274.3,439.5
5.067,-271.7,436.5
5.133,-271.7,435.2
5.200,-273.4,432.6
5.267,-272.4,434.9
5.333,-270.8,438.6
5.400,-268.2,438.2
5.467,-267.9,438.0
5.533,-270.1,439.9
5.600,-272.4,442.6
5.667,-273.4,444.4
5.733,-271.3,443.2
5.800,-272.8,444.5
5.867,-272.6,447.6
5.933,-273.7,449.8
6.000,-272.1,448.2
6.067,-269.0,450.5
6.133,-268.8,446.5
6.200,-269.5,447.9
6.267,-269.9,448.4
6.333,-270.2,445.7
6.400,-269.5,444.1
6.467,-267.6,446.0
6.533,-267.1,445.9
6.600,-269.6,445.6
6.667,-276.4,441.5
6.733,-278.2,436.8
6.800,-276.8,436.7
6.867,-276.2,434.4
6.933,-275.7,433.7
7.000,-270.4,432.0
7.067,-268.9,434.4
7.133,-267.0,435.6
7.200,-266.2,430.5
7.267,-264.6,430.7
7.333,-263.9,430.0
7.400,-262.5,429.0
7.467,-257.3,423.2
7.533,-259.0,423.6
7.600,-260.0,418.7
7.667,-259.3,416.2
7.733,-260.7,414.2
7.800,-261.9,412.0
7.867,-263.5,409.5
7.933,-262.7,408.2
8.000,-262.9,409.3
8.067,-263.3,407.8
8.133,-265.5,402.9
8.200,-264.2,403.2
8.267,-262.4,403.1
8.333,-260.2,404.3
8.400,-251.5,400.5
8.467,-250.4,399.4
8.533,-249.9,398.2
8.600,-249.2,397.6
8.667,-245.5,403.0
8.733,-240.1,406.2
8.800,-241.1,407.0
8.867,-243.2,406.8
8.933,-247.0,404.8
9.000,-251.5,411.5
9.067,-258.5,416.5
9.133,-258.2,419.3
9.200,-257.8,422.3
9.267,-257.6,421.1
9.333,-254.6,415.6
9.400,-249.0,407.5
9.467,-244.0,405.5
9.533,-244.0,402.7
9.600,-241.0,399.0
9.667,-239.8,399.6
9.733,-242.9,398.9
9.800,-247.5,395.0
9.867,-247.4,395.0
9.933,-253.0,395.0
10.000,-250.4,393.5
10.067,-247.9,394.3
10.133,-247.3,395.0
10.200,-248.8,394.1
10.267,-248.9,391.8
10.333,-249.7,392.6
10.400,-248.2,395.0
10.467,-245.2,397.6
10.533,-240.3,400.1
10.600,-238.3,404.3
10.667,-242.0,401.9
10.733,-240.8,399.5
10.800,-238.6,401.3
10.867,-239.8,401.3
10.933,-243.3,402.0
11.000,-243.1,401.5
11.067,-241.7,400.8
11.133,-238.8,401.8
11.200,-242.4,406.8
11.267,-242.8,406.4
11.333,-244.5,400.9
11.400,-242.7,402.6
11.467,-241.5,403.0
11.533,-243.1,402.2
11.600,-244.1,401.5
11.667,-245.5,401.5
11.733,-244.1,404.1
11.800,-242.4,400.6
11.867,-240.6,403.2
11.933,-241.0,407.0
12.000,-244.8,408.0
12.067,-243.3,410.7
12.133,-240.8,409.1
12.200,-240.6,408.5
12.267,-238.8,407.6
12.333,-237.1,407.1
12.400,-236.8,406.6
12.467,-239.3,403.4
12.533,-239.8,402.6
12.600,-238.0,404.9
12.667,-238.6,405.7
12.733,-241.5,405.9
12.800,-241.5,408.2
12.867,-240.5,408.8
12.933,-240.8,406.9
13.000,-241.4,405.3
13.067,-244.3,405.0
13.133,-245.4,406.6
13.200,-247.1,408.7
13.267,-247.0,410.6
13.333,-247.6,411.7
13.400,-247.8,410.1
13.467,-246.5,410.7
13.533,-245.7,408.8
13.600,-245.8,408.6
13.667,-247.4,407.7
13.733,-248.7,403.4
13.800,-245.8,397.5
13.867,-244.8,398.7
13.933,-245.0,402.1
14.000,-248.5,406.4
14.067,-249.2,404.7
14.133,-248.6,401.3
14.200,-248.4,402.2
14.267,-249.0,405.2
14.333,-247.9,405.1
14.400,-243.7,402.5
14.467,-242.5,402.2
14.533,-241.8,403.7
14.600,-243.5,402.0
14.667,-243.7,401.6
14.733,-242.8,402.4
14.800,-249.0,409.5
14.867,-249.2,408.3
14.933,-252.5,403.5
15.000,-253.9,402.4
15.067,-256.4,404.5
15.133,-257.5,412.5
15.200,-259.1,413.8
15.267,-263.0,412.5
15.333,-264.2,413.0
15.400,-262.8,411.9
15.467,-264.6,409.5
15.533,-266.7,410.3
15.600,-265.1,410.9
15.667,-265.1,407.5
15.733,-265.0,406.6
15.800,-265.7,407.0
15.867,-270.3,401.8
15.933,-270.3,398.4
16.000,-270.4,402.8
16.067,-269.1,407.9
16.133,-267.1,409.4
16.200,-267.4,409.5
16.267,-273.8,406.5
16.333,-272.8,406.2
16.400,-268.8,405.8
16.467,-265.8,407.4
16.533,-265.1,407.7
16.600,-266.0,407.3
16.667,-266.2,406.9
16.733,-265.9,407.2
16.800,-266.0,407.2
16.867,-266.9,407.6
16.933,-266.0,406.4
17.000,-264.7,404.9
17.067,-267.0,398.0
17.133,-263.9,400.1
17.200,-265.0,400.0
17.267,-262.8,397.8
17.333,-265.1,396.6
17.400,-269.1,398.4
17.467,-269.7,398.2
17.533,-270.6,396.8
17.600,-268.6,397.4
17.667,-269.5,396.5
17.733,-267.7,394.0
17.800,-265.2,396.4
17.867,-263.8,400.8
17.933,-263.7,401.7
18.000,-260.0,398.0
18.067,-260.3,403.1
18.133,-259.3,400.8
18.200,-258.0,400.6
18.267,-256.1,401.2
18.333,-259.5,413.0
18.400,-260.0,416.5
18.467,-253.9,420.4
18.533,-253.8,422.5
18.600,-254.5,420.0
18.667,-253.0,417.0
18.733,-250.5,415.8
18.800,-248.3,413.0
18.867,-246.1,412.8
18.933,-241.9,412.6
19.000,-241.0,414.0
19.067,-240.0,414.7
19.133,-236.0,413.6
19.200,-237.6,413.6
19.267,-238.6,412.7
19.333,-238.4,414.7
19.400,-242.7,414.2
19.467,-245.1,412.7
19.533,-243.3,407.9
19.600,-247.5,403.0
19.667,-252.7,401.3
19.733,-252.5,400.8
19.800,-252.1,400.1
19.867,-251.8,400.5
19.933,-250.7,400.9
20.000,-246.9,402.0
20.067,-249.6,402.8
20.133,-252.1,401.0
20.200,-253.8,400.5
20.267,-252.6,401.3
20.333,-251.4,401.4
20.400,-253.0,394.5
20.467,-257.1,391.8
20.533,-257.8,392.0
20.600,-256.2,390.2
20.667,-253.7,391.8
20.733,-253.3,394.3
20.800,-253.2,394.8
20.867,-250.8,397.7
20.933,-249.8,398.4
21.000,-250.4,397.4
21.067,-251.6,398.8
21.133,-251.2,399.3
21.200,-254.1,397.5
21.267,-255.1,396.2
21.333,-254.8,396.6
21.400,-259.5,397.0
21.467,-264.0,402.5
21.533,-261.0,400.5
21.600,-263.0,400.5
21.667,-262.5,394.5
21.733,-265.3,400.7
21.800,-267.5,403.0
21.867,-273.6,406.2
21.933,-276.0,406.3
22.000,-279.4,403.6
22.067,-279.5,399.3
22.133,-279.2,395.5
22.200,-276.5,393.7
22.267,-277.7,393.7
22.333,-279.7,389.6
22.400,-276.5,383.9
22.467,-276.5,384.9
22.533,-272.3,386.3
22.600,-262.5,402.5
22.667,-262.5,408.5
22.733,-263.6,409.2
22.800,-263.6,408.6
22.867,-265.5,411.5
22.933,-264.1,412.5
23.000,-265.4,411.3
23.067,-265.7,411.4
23.133,-265.9,408.7
23.200,-265.0,409.5
23.267,-265.0,407.6
23.333,-265.2,408.7
23.400,-265.8,408.9
23.467,-266.5,403.0
23.533,-266.4,402.9
23.600,-266.6,403.1
23.667,-265.8,401.0
23.733,-265.8,402.5
23.800,-266.4,405.2
23.867,-266.5,404.3
23.933,-266.3,402.4
24.000,-265.3,400.0
24.067,-264.5,398.8
24.133,-264.1,400.9
24.200,-263.7,400.0
24.267,-264.3,400.0
24.333,-264.1,400.9
24.400,-265.2,401.9
24.467,-266.0,401.0
24.533,-266.3,401.2
24.600,-265.4,399.5
24.667,-268.5,391.0
24.733,-269.6,393.0
24.800,-273.3,393.0
24.867,-278.5,386.5
24.933,-278.7,385.9
25.000,-280.5,386.9
25.067,-278.0,386.5
25.133,-276.2,385.1
25.200,-278.0,379.5
25.267,-278.4,378.0
25.333,-280.1,379.7
25.400,-287.2,380.8
25.467,-286.5,383.2
25.533,-283.8,382.0
25.600,-284.4,382.3
25.667,-281.3,382.3
25.733,-281.0,383.5
25.800,-279.9,383.3
25.867,-275.9,383.0
25.933,-276.0,381.7
26.000,-277.8,380.4
26.067,-276.3,379.7
26.133,-273.7,377.3
26.200,-273.9,374.1
26.267,-276.2,371.7
26.333,-273.8,370.0
26.400,-273.2,371.9
26.467,-273.3,372.7
26.533,-276.1,372.1
26.600,-275.3,369.9
26.667,-272.3,371.5
26.733,-270.0,372.3
26.800,-273.7,376.5
26.867,-273.1,379.8
26.933,-275.0,379.4
27.000,-278.1,380.7
27.067,-277.2,378.7
27.133,-273.2,380.6
27.200,-269.9,382.0
27.267,-264.8,380.2
27.333,-263.1,377.5
27.400,-266.1,376.6
27.467,-268.8,375.3
27.533,-270.4,374.7
27.600,-269.3,373.9
27.667,-270.3,369.9
27.733,-275.8,370.2
27.800,-276.0,369.1
27.867,-274.7,368.1
27.933,-275.0,372.2
28.000,-272.9,375.2
28.067,-272.9,371.7
28.133,-270.2,372.5
28.200,-270.2,373.8
28.267,-268.9,367.0
28.333,-272.0,364.4
28.400,-273.1,360.5
28.467,-275.2,355.4
28.533,-274.8,350.3
28.600,-277.1,352.6
28.667,-275.6,353.2
28.733,-277.1,351.7
28.800,-276.1,352.5
28.867,-277.7,353.1
28.933,-278.0,356.6
29.000,-276.9,356.3
29.067,-275.4,355.7
29.133,-273.0,352.7
29.200,-268.9,350.5
29.267,-266.3,351.6
29.333,-267.5,352.5
29.400,-267.1,352.2
29.467,-266.6,350.5
29.533,-262.3,350.6
29.600,-260.7,356.1
29.667,-262.8,360.3
29.733,-263.7,359.7
29.800,-264.8,358.6
29.867,-263.9,358.7
29.933,-259.2,360.7
30.000,-255.5,359.1
30.067,-256.0,357.4
30.133,-254.6,355.4
30.200,-252.4,357.6
30.267,-249.6,359.7
30.333,-248.4,359.8
30.400,-248.1,358.6
30.467,-247.8,360.7
30.533,-248.3,360.9
30.600,-253.7,363.5
30.667,-256.2,364.5
30.733,-258.2,363.8
30.800,-257.4,362.5
30.867,-257.0,359.6
30.933,-258.7,358.7
31.000,-261.4,358.5
31.067,-256.7,353.5
31.133,-258.1,351.5
31.200,-255.9,353.7
31.267,-253.6,355.1
31.333,-254.5,356.6
31.400,-250.3,356.6
31.467,-250.1,357.6
31.533,-247.5,359.3
31.600,-247.6,360.6
31.667,-247.8,363.2
31.733,-249.8,362.4
31.800,-251.1,359.8
31.867,-248.3,357.6
31.933,-245.0,354.7
32.000,-245.6,354.4
32.067,-243.8,355.5
32.133,-247.6,353.6
32.200,-247.7,352.5
32.267,-245.5,350.8
32.333,-242.4,347.6
32.400,-242.2,347.4
32.467,-244.2,348.4
32.533,-246.3,350.6
32.600,-247.3,352.5
32.667,-247.7,353.5
32.733,-243.4,358.7
32.800,-241.2,358.7
32.867,-238.5,360.4
32.933,-236.8,361.5
33.000,-236.1,358.4
33.067,-234.8,357.4
33.133,-233.4,351.9
33.200,-227.8,352.4
33.267,-229.5,355.6
33.333,-229.0,356.4
33.400,-228.0,358.6
33.467,-228.7,358.3
33.533,-229.5,357.5
33.600,-232.1,359.8
33.667,-234.0,359.7
33.733,-230.1,360.6
33.800,-228.1,357.4
33.867,-227.6,357.3
33.933,-228.2,355.3
34.000,-235.6,355.5
34.067,-233.7,356.4
34.133,-226.8,357.3
34.200,-228.0,355.5
34.267,-226.1,356.5
34.333,-226.7,357.4
34.400,-225.0,354.0
34.467,-223.4,354.7
34.533,-225.5,353.8
34.600,-227.0,355.7
34.667,-226.6,357.3
34.733,-226.3,361.4
34.800,-227.9,362.2
34.867,-231.5,361.6
34.933,-233.8,363.7
35.000,-235.5,366.2
35.067,-238.2,363.7
35.133,-239.9,362.4
35.200,-241.9,364.5
35.267,-242.1,366.4
35.333,-246.1,364.7
35.400,-249.7,365.4
35.467,-251.9,366.5
35.533,-249.8,367.5
35.600,-250.5,367.6
35.667,-247.8,365.4
35.733,-245.6,363.5
35.800,-248.0,362.7
35.867,-250.1,359.9
35.933,-243.7,361.7
36.000,-238.9,362.4
36.067,-238.0,364.7
36.133,-235.6,358.8
36.200,-233.5,361.6
36.267,-236.1,361.5
36.333,-233.2,357.9
36.400,-228.7,355.3
36.467,-228.6,355.7
36.533,-227.1,355.4
36.600,-231.4,354.6
36.667,-228.9,356.3
36.733,-229.6,356.3
36.800,-229.7,357.4
36.867,-229.7,356.7
36.933,-229.4,358.8
37.000,-230.0,362.6
37.067,-231.6,365.4
37.133,-232.2,372.7
37.200,-233.0,372.6
37.267,-230.3,376.9
37.333,-229.0,376.3
37.400,-225.0,375.2
37.467,-225.8,377.4
37.533,-224.5,379.3
37.600,-228.1,377.4
37.667,-229.8,370.7
37.733,-228.9,370.7
37.800,-227.4,372.7
37.867,-225.2,373.5
37.933,-222.4,372.7
38.000,-223.7,370.8
38.067,-224.1,366.3
38.133,-225.8,364.3
38.200,-229.3,367.6
38.267,-231.9,373.4
38.333,-229.1,378.4
38.400,-238.3,379.7
38.467,-241.0,378.6
38.533,-239.4,375.8
38.600,-241.5,374.9
38.667,-243.9,373.5
38.733,-243.7,371.5
38.800,-240.8,370.8
38.867,-239.6,371.7
38.933,-243.8,368.4
39.000,-247.2,369.6
39.067,-245.2,367.6
39.133,-245.9,362.7
39.200,-245.2,361.8
39.267,-246.0,359.8
39.333,-245.6,358.3
39.400,-246.9,356.6
39.467,-244.8,359.5
39.533,-243.8,359.6
39.600,-243.8,359.7
39.667,-247.4,359.8
39.733,-250.2,357.6
39.800,-250.4,356.8
39.867,-247.4,354.7
39.933,-246.0,355.6
40.000,-241.7,360.5
40.067,-239.5,360.7
40.133,-241.1,358.8
40.200,-241.2,357.6
40.267,-240.3,353.6
40.333,-239.6,350.3
40.400,-239.9,349.6
40.467,-239.2,350.3
40.533,-239.3,349.8
40.600,-238.1,352.3
40.667,-239.8,355.6
40.733,-241.9,352.6
40.800,-245.7,352.4
40.867,-251.1,352.6
40.933,-249.8,352.5
41.000,-254.1,353.7
41.067,-253.2,354.5
41.133,-249.7,355.4
41.200,-251.8,355.5
41.267,-254.2,351.7
41.333,-254.2,352.6
41.400,-253.3,352.6
41.467,-255.3,347.5
41.533,-252.5,344.9
41.600,-251.9,345.5
41.667,-251.9,343.6
41.733,-254.8,341.7
41.800,-253.9,340.2
41.867,-254.1,337.7
41.933,-256.8,337.3
42.000,-255.9,339.4
42.067,-254.8,337.5
42.133,-250.3,335.7
42.200,-246.4,335.7
42.267,-244.0,334.7
42.333,-245.1,339.3
42.400,-245.5,339.6
42.467,-245.0,339.7
42.533,-245.0,341.3
42.600,-248.3,338.7
42.667,-252.5,337.8
42.733,-250.7,340.4
42.800,-251.0,341.6
42.867,-244.9,343.4
42.933,-245.5,340.4
43.000,-246.7,339.4
43.067,-251.8,338.6
43.133,-249.3,333.6
43.200,-254.8,334.3
43.267,-258.4,332.8
43.333,-260.8,327.6
43.400,-258.3,325.8
43.467,-257.4,323.8
43.533,-256.2,323.9
43.600,-259.4,323.8
43.667,-259.1,323.4
43.733,-259.7,319.5
43.800,-260.9,319.5
43.867,-262.2,319.8
43.933,-264.0,316.6
44.000,-266.2,317.6
44.067,-270.3,315.9
44.133,-272.7,312.8
44.200,-273.0,313.2
44.267,-275.1,315.5
44.333,-271.8,314.5
44.400,-274.1,317.6
44.467,-276.4,322.7
44.533,-279.3,323.7
44.600,-282.9,324.6
44.667,-286.3,319.8
44.733,-287.1,316.7
44.800,-285.8,312.7
44.867,-287.8,314.6
44.933,-287.6,318.4
45.000,-287.3,322.7
45.067,-288.1,323.8
45.133,-286.0,325.4
45.200,-284.0,324.7
45.267,-282.7,326.5
45.333,-282.8,327.7
45.400,-282.7,330.5
45.467,-280.0,332.6
45.533,-282.4,333.8
45.600,-282.9,332.5
45.667,-284.4,329.7
45.733,-283.5,332.3
45.800,-285.5,334.3
45.867,-287.1,331.7
45.933,-288.9,334.6
46.000,-288.2,338.6
46.067,-290.7,339.5
46.133,-291.0,342.5
46.200,-286.7,347.3
46.267,-285.7,342.4
46.333,-283.2,340.7
46.400,-285.3,343.7
46.467,-284.5,340.3
46.533,-291.0,336.6
46.600,-293.1,333.8
46.667,-289.2,332.6
46.733,-288.2,330.8
46.800,-289.8,329.5
46.867,-290.3,331.7
46.933,-289.4,328.4
47.000,-288.4,328.5
47.067,-288.6,328.1
47.133,-288.0,333.4
47.200,-287.1,331.5
47.267,-287.4,332.8
47.333,-282.8,330.2
47.400,-285.1,329.4
47.467,-285.9,329.5
47.533,-286.0,333.6
47.600,-284.6,337.5
47.667,-289.8,335.7
47.733,-285.1,335.8
47.800,-285.0,335.4
47.867,-285.0,335.9
47.933,-284.6,338.1
48.000,-289.6,340.1
48.067,-292.9,341.4
48.133,-295.0,342.5
48.200,-295.4,342.6
48.267,-299.8,340.5
48.333,-297.6,340.4
48.400,-297.2,338.7
48.467,-300.3,340.5
48.533,-300.9,340.3
48.600,-305.1,340.8
48.667,-305.6,340.5
48.733,-303.2,336.6
48.800,-303.8,330.7
48.867,-301.7,330.5
48.933,-301.9,326.4
49.000,-298.6,322.3
49.067,-299.6,326.3
49.133,-298.8,329.6
49.200,-296.3,329.7
49.267,-298.7,329.7
49.333,-295.6,329.2
49.400,-297.4,329.5
49.467,-295.1,330.5
49.533,-296.8,331.5
49.600,-295.1,328.7
49.667,-299.5,326.6
49.733,-301.9,327.6
49.800,-303.5,327.5
49.867,-305.0,325.5
49.933,-304.7,328.4
50.000,-302.1,326.7
50.067,-300.8,327.6
50.133,-298.5,326.4
50.200,-299.9,325.5
50.267,-301.3,325.6
50.333,-301.2,323.8
50.400,-301.2,324.5
50.467,-300.2,324.8
50.533,-302.8,327.8
50.600,-302.6,325.5
50.667,-308.5,325.5
50.733,-302.7,322.3
50.800,-300.3,322.8
50.867,-301.8,325.7
50.933,-302.8,328.4
51.000,-302.1,330.4
51.067,-301.8,332.4
51.133,-303.0,329.8
51.200,-298.7,327.5
51.267,-300.2,327.8
51.333,-299.8,325.5
51.400,-300.8,322.5
51.467,-296.1,322.6
51.533,-296.9,322.5
51.600,-301.9,321.7
51.667,-303.0,320.5
51.733,-308.9,320.5
51.800,-308.8,318.4
51.867,-306.5,314.6
51.933,-301.3,312.4
52.000,-302.4,309.9
52.067,-302.1,310.5
52.133,-304.1,310.7
52.200,-305.0,307.5
52.267,-308.3,310.8
52.333,-307.5,313.3
52.400,-305.3,318.5
52.467,-306.5,319.5
52.533,-306.1,318.7
52.600,-305.3,317.7
52.667,-305.9,318.7
52.733,-306.9,317.5
52.800,-306.8,316.6
52.867,-310.5,316.6
52.933,-309.3,316.8
53.000,-311.8,313.7
53.067,-308.3,307.8
53.133,-305.3,304.8
53.200,-303.6,304.3
53.267,-306.9,302.7
53.333,-307.6,300.6
53.400,-310.8,300.6
53.467,-309.7,302.7
53.533,-313.2,307.7
53.600,-313.5,308.3
53.667,-313.2,310.7
53.733,-310.7,311.6
53.800,-308.7,310.7
53.867,-306.9,308.7
53.933,-300.9,308.6
54.000,-300.0,307.6
54.067,-301.5,307.8
54.133,-299.7,306.4
54.200,-300.1,307.7
54.267,-303.4,316.8
54.333,-303.9,317.3
54.400,-306.5,312.8
54.467,-304.0,315.7
54.533,-305.1,320.8
54.600,-304.8,321.7
54.667,-303.2,322.7
54.733,-299.5,322.4
54.800,-299.0,324.7
54.867,-296.8,325.4
54.933,-297.8,320.7
55.000,-298.8,322.4
55.067,-303.0,321.6
55.133,-300.9,322.6
55.200,-303.1,324.6
55.267,-301.2,326.7
55.333,-302.3,328.8
55.400,-303.1,327.6
55.467,-302.0,323.6
55.533,-300.7,321.5
55.600,-301.8,317.4
55.667,-303.4,317.8
55.733,-298.3,322.6
55.800,-295.9,323.6
55.867,-296.7,318.5
55.933,-302.0,321.6
56.000,-304.5,321.7
56.067,-310.6,320.6
56.133,-309.8,321.5
56.200,-311.2,321.7
56.267,-305.7,317.4
56.333,-304.3,317.9
56.400,-299.2,319.8
56.467,-296.2,319.7
56.533,-295.1,321.5
56.600,-290.0,323.5
56.667,-290.0,324.6
56.733,-289.6,327.5
56.800,-293.4,325.8
56.867,-296.1,324.6
56.933,-298.3,323.7
57.000,-295.0,322.6
57.067,-289.9,321.6
57.133,-287.6,322.6
57.200,-286.9,325.6
57.267,-287.9,323.7
57.333,-288.2,319.7
57.400,-290.9,319.6
57.467,-291.7,317.6
57.533,-287.9,320.7
57.600,-281.6,321.6
57.667,-285.0,319.7
57.733,-282.0,319.7
57.800,-281.3,322.7
57.867,-280.4,323.8
57.933,-281.3,325.8
58.000,-280.8,324.3
58.067,-280.9,321.5
58.133,-283.3,318.7
58.200,-278.5,318.8
58.267,-274.9,322.2
58.333,-276.3,325.6
58.400,-279.2,321.8
58.467,-275.0,321.7
58.533,-273.4,321.8
58.600,-276.2,320.7
58.667,-272.7,318.5
58.733,-275.8,318.5
58.800,-275.6,318.6
58.867,-272.8,316.4
58.933,-269.8,315.5
59.000,-273.5,313.4
59.067,-273.2,315.7
59.133,-273.2,318.6
59.200,-271.6,318.3
59.267,-273.0,319.5
59.333,-273.7,317.6
59.400,-272.7,316.5
59.467,-268.4,317.8
59.533,-265.7,317.5
59.600,-267.9,315.6
59.667,-271.7,315.7
59.733,-274.1,316.9
59.800,-273.5,315.9
59.867,-267.9,313.6
59.933,-267.1,315.7
60.000,-268.4,317.7
60.067,-268.7,319.4
60.133,-269.6,321.5
60.200,-269.7,324.5
60.267,-269.0,324.6
60.333,-268.2,325.6
60.400,-271.0,324.4
60.467,-276.7,323.6
60.533,-278.3,326.7
60.600,-278.0,326.6
60.667,-276.4,329.8
60.733,-275.8,330.4
60.800,-277.3,330.8
60.867,-277.1,331.7
60.933,-277.3,331.8
61.000,-276.3,332.7
61.067,-278.4,332.7
61.133,-284.6,328.6
61.200,-285.1,325.7
61.267,-284.7,325.5
61.333,-289.5,323.7
61.400,-291.6,322.6
61.467,-290.5,322.8
61.533,-290.7,321.5
61.600,-296.7,322.6
61.667,-297.2,322.6
61.733,-297.4,322.7
61.800,-297.7,321.5
61.867,-299.6,316.6
61.933,-300.5,313.5
62.000,-299.7,313.7
62.067,-293.7,312.6
62.133,-289.9,311.7
62.200,-290.9,311.7
62.267,-290.3,310.8
62.333,-290.9,309.7
62.400,-289.3,309.8
62.467,-286.6,311.5
62.533,-285.6,310.4
62.600,-286.1,310.7
62.667,-290.8,308.7
62.733,-289.9,309.6
62.800,-289.1,313.6
62.867,-289.7,313.4
62.933,-293.8,314.6
63.000,-293.5,319.5
63.067,-294.2,321.8
63.133,-299.0,324.6
63.200,-301.2,325.6
63.267,-302.9,321.7
63.333,-305.0,319.8
63.400,-307.5,316.7
63.467,-310.4,314.9
63.533,-311.2,310.6
63.600,-310.7,308.4
63.667,-309.1,306.6
63.733,-307.3,304.8
63.800,-306.2,304.6
63.867,-308.9,302.6
63.933,-308.5,298.7
64.000,-309.6,299.5
64.067,-309.1,299.7
64.133,-308.5,299.8
64.200,-310.0,304.6
64.267,-310.6,308.6
64.333,-310.7,311.6
64.400,-308.7,312.4
64.467,-307.4,311.5
64.533,-310.3,312.9
64.600,-310.1,311.7
64.667,-313.0,309.8
64.733,-309.5,304.9
64.800,-307.8,303.2
64.867,-307.7,299.7
64.933,-308.5,298.9
65.000,-308.0,302.4
65.067,-308.2,302.4
65.133,-312.5,302.7
65.200,-316.0,300.6
65.267,-317.0,301.6
65.333,-316.9,299.5
65.400,-319.0,298.7
65.467,-323.4,299.5
65.533,-324.7,297.7
65.600,-326.8,301.4
65.667,-328.3,302.7
65.733,-329.6,302.4
65.800,-331.4,304.8
65.867,-334.1,303.7
65.933,-337.1,296.5
66.000,-334.3,295.8
66.067,-331.6,293.5
66.133,-332.1,295.9
66.200,-331.2,295.5
66.267,-331.2,296.5
66.333,-330.7,289.3
66.400,-337.9,286.8
66.467,-338.8,286.9
66.533,-341.1,287.3
66.600,-338.7,284.4
66.667,-336.3,283.9
66.733,-329.2,284.5
66.800,-332.9,282.7
66.867,-334.9,281.7
66.933,-337.2,279.5
67.000,-337.7,281.5
67.067,-335.0,280.3
67.133,-334.5,279.5
67.200,-329.7,283.4
67.267,-330.7,288.6
67.333,-328.2,290.6
67.400,-323.4,294.5
67.467,-324.5,294.6
67.533,-322.8,290.4
67.600,-324.2,289.6
67.667,-327.2,287.7
67.733,-326.9,289.7
67.800,-334.4,286.5
67.867,-337.8,291.4
67.933,-335.2,291.5
68.000,-335.1,294.3
68.067,-333.0,295.4
68.133,-333.3,295.7
68.200,-332.9,301.3
68.267,-336.3,301.6
68.333,-332.6,303.5
68.400,-335.8,302.5
68.467,-335.8,303.8
68.533,-340.4,301.6
68.600,-341.9,305.5
68.667,-342.8,305.7
68.733,-342.1,305.6
68.800,-338.5,305.8
68.867,-337.8,306.2
68.933,-339.5,313.2
69.000,-340.8,315.4
69.067,-337.8,317.3
69.133,-341.3,317.6
69.200,-342.4,313.7
69.267,-342.2,312.6
69.333,-343.4,312.9
69.400,-343.6,311.7
69.467,-344.7,311.6
69.533,-346.9,312.7
69.600,-348.9,311.6
69.667,-354.9,311.6
69.733,-357.7,311.3
69.800,-356.3,312.8
69.867,-358.1,315.6
69.933,-358.4,314.5
70.000,-355.2,314.6
70.067,-358.0,314.5
70.133,-358.9,313.8
70.200,-363.4,311.7
70.267,-360.1,310.6
70.333,-358.7,309.1
70.400,-362.1,309.6
70.467,-365.7,307.4
70.533,-362.0,305.5
70.600,-367.4,303.7
70.667,-365.9,306.4
70.733,-361.9,305.5
70.800,-360.0,306.3
70.867,-356.9,302.1
70.933,-358.9,299.3
71.000,-360.2,296.7
71.067,-356.7,293.2
71.133,-355.2,298.0
71.200,-355.3,297.9
71.267,-353.2,298.6
71.333,-353.6,298.5
71.400,-352.0,294.6
71.467,-347.4,292.8
71.533,-342.0,296.5
71.600,-348.0,294.7
71.667,-342.8,297.5
71.733,-340.1,299.6
71.800,-343.8,298.8
71.867,-345.9,302.5
71.933,-349.9,300.4
72.000,-350.0,302.5
72.067,-351.4,301.8
72.133,-352.4,298.6
72.200,-353.7,297.4
72.267,-353.9,299.1
72.333,-352.8,295.0
72.400,-350.4,297.6
72.467,-349.3,296.6
72.533,-341.1,298.5
72.600,-350.3,294.3
72.667,-346.4,293.3
72.733,-339.0,298.8
72.800,-335.0,286.5
72.867,-336.5,288.5
72.933,-334.7,288.7
73.000,-336.2,287.0
73.067,-337.5,284.1
73.133,-339.1,283.3
73.200,-338.9,280.9
73.267,-335.3,278.4
73.333,-334.4,282.0
73.400,-335.8,285.4
73.467,-334.5,282.1
73.533,-330.3,284.1
73.600,-332.8,287.4
73.667,-336.3,288.4
73.733,-337.3,289.5
73.800,-338.4,287.8
73.867,-341.4,285.9
73.933,-344.8,289.7
74.000,-343.5,287.8
74.067,-344.2,288.8
74.133,-345.1,292.0
74.200,-344.7,291.4
74.267,-350.1,289.5
74.333,-353.2,287.5
74.400,-341.0,281.5
74.467,-342.8,284.5
74.533,-343.6,286.7
74.600,-341.6,282.6
74.667,-352.0,282.5
74.733,-348.6,280.6
74.800,-350.6,282.2
74.867,-349.7,281.8
74.933,-349.4,279.6
75.000,-350.2,279.0
75.067,-349.8,279.1
75.133,-352.8,277.4
75.200,-351.5,273.0
75.267,-351.8,272.4
75.333,-354.6,274.1
75.400,-352.3,273.2
75.467,-351.7,273.4
75.533,-354.0,273.0
75.600,-353.3,270.4
75.667,-352.1,268.0
75.733,-352.5,265.6
75.800,-356.3,264.2
75.867,-353.6,262.1
75.933,-351.4,261.6
76.000,-350.2,260.4
76.067,-345.2,259.7
76.133,-344.5,259.5
76.200,-341.0,259.2
76.267,-340.3,260.9
76.333,-339.0,261.1
76.400,-337.0,258.9
76.467,-338.5,259.8
76.533,-338.3,262.6
76.600,-338.3,262.8
76.667,-330.5,264.0
76.733,-332.0,261.5
76.800,-335.0,261.0
76.867,-332.1,261.8
76.933,-331.9,257.0
77.000,-334.0,259.5
77.067,-334.9,258.4
77.133,-333.9,261.9
77.200,-336.0,264.5
77.267,-338.5,270.0
77.333,-338.2,270.4
77.400,-339.4,270.2
77.467,-341.6,269.5
77.533,-345.8,274.7
77.600,-345.1,275.9
77.667,-345.8,277.0
77.733,-347.0,277.9
77.800,-344.7,279.8
77.867,-345.8,283.9
77.933,-354.5,283.0
78.000,-357.5,280.7
78.067,-356.0,283.0
78.133,-352.6,286.1
78.200,-352.1,285.2
78.267,-351.9,286.5
78.333,-352.3,289.4
78.400,-351.7,290.1
78.467,-351.6,286.5
78.533,-354.5,278.5
78.600,-357.4,279.2
78.667,-359.9,280.6
78.733,-364.5,282.4
78.800,-365.6,283.3
78.867,-368.0,284.5
78.933,-369.2,284.7
79.000,-369.1,284.3
79.067,-370.7,284.3
79.133,-373.5,287.1
79.200,-375.2,289.5
79.267,-376.3,288.1
79.333,-377.1,283.9
79.400,-383.6,283.3
79.467,-384.1,282.6
79.533,-386.1,278.6
79.600,-386.9,276.1
79.667,-385.3,275.1
79.733,-383.0,274.4
79.800,-382.5,269.4
79.867,-383.4,263.2
79.933,-384.7,263.0
80.000,-388.0,264.6
80.067,-386.9,264.6
80.133,-389.0,263.7
80.200,-389.1,263.3
80.267,-390.4,263.9
80.333,-391.7,263.6
80.400,-390.6,263.4
80.467,-387.9,261.3
80.533,-387.5,253.8
80.600,-387.0,252.0
80.667,-389.1,249.4
80.733,-386.9,250.6
80.800,-388.9,249.3
80.867,-390.3,246.5
80.933,-387.7,246.4
81.000,-386.8,249.5
81.067,-386.7,248.2
81.133,-387.1,250.9
81.200,-384.7,248.4
81.267,-382.8,245.5
81.333,-382.8,241.5
81.400,-381.7,244.0
81.467,-381.8,245.5
81.533,-382.8,246.5
81.600,-383.2,246.2
81.667,-384.3,244.8
81.733,-384.9,244.7
81.800,-381.2,247.1
81.867,-381.5,246.6
81.933,-383.2,246.4
82.000,-385.8,248.6
82.067,-389.2,247.8
82.133,-386.9,248.0
82.200,-386.1,246.4
82.267,-385.2,246.9
82.333,-384.9,245.1
82.400,-383.9,242.2
82.467,-388.2,245.5
82.533,-386.7,246.1
82.600,-384.8,245.3
82.667,-382.5,234.5
82.733,-386.3,233.9
82.800,-388.7,229.2
82.867,-390.3,224.8
82.933,-389.5,222.0
83.000,-385.4,215.9
83.067,-384.4,216.1
83.133,-384.8,214.1
83.200,-383.0,208.2
83.267,-382.0,209.7
83.333,-383.0,209.6
83.400,-385.9,213.1
83.467,-384.0,214.0
83.533,-383.5,210.5
83.600,-384.3,208.5
83.667,-383.7,207.4
83.733,-382.8,205.2
83.800,-391.0,214.2
83.867,-390.5,215.0
83.933,-392.3,214.5
84.000,-394.5,212.0
84.067,-398.3,211.7
84.133,-401.5,213.5
84.200,-402.4,212.7
84.267,-402.5,214.1
84.333,-403.6,214.6
84.400,-404.4,216.4
84.467,-404.4,216.9
84.533,-402.1,216.8
84.600,-402.7,216.0
84.667,-403.1,213.1
84.733,-405.9,210.8
84.800,-409.2,205.7
84.867,-409.7,201.4
84.933,-411.4,201.0
85.000,-410.8,199.7
85.067,-411.8,200.0
85.133,-411.7,200.7
85.200,-412.6,196.1
85.267,-412.1,193.0
85.333,-414.0,189.0
85.400,-414.1,189.5
85.467,-414.0,190.8
85.533,-415.1,188.0
85.600,-419.6,185.1
85.667,-422.9,185.3
85.733,-421.2,185.4
85.800,-423.4,187.1
85.867,-429.0,191.5
85.933,-434.5,186.5
86.000,-427.5,185.5
86.067,-424.5,189.0
86.133,-423.7,189.0
86.200,-421.7,189.2
86.267,-421.0,184.5
86.333,-416.5,181.5
86.400,-416.5,179.8
86.467,-417.4,179.3
86.533,-418.6,177.5
86.600,-418.6,179.7
86.667,-418.7,177.3
86.733,-424.0,175.5
86.800,-423.8,176.4
86.867,-418.5,176.0
86.933,-419.2,176.2
87.000,-423.0,183.0
87.067,-430.5,177.5
87.133,-433.5,176.0
87.200,-431.5,167.0
87.267,-426.0,165.0
87.333,-420.0,165.5
87.400,-412.0,168.5
87.467,-413.0,165.5
87.533,-417.5,167.5
87.600,-426.5,170.0
87.667,-427.0,166.5
87.733,-430.5,167.5
87.800,-435.0,165.5
87.867,-436.5,163.5
87.933,-438.5,159.5
88.000,-438.3,156.8
88.067,-436.2,157.7
88.133,-434.6,157.0
88.200,-437.4,159.7
88.267,-436.1,160.0
88.333,-431.8,159.4
88.400,-429.6,159.6
88.467,-432.4,160.2
88.533,-429.7,160.1
88.600,-427.4,160.6
88.667,-425.7,159.5
88.733,-423.5,155.5
88.800,-421.5,153.0
88.867,-419.0,154.0
88.933,-420.6,153.3
89.000,-421.9,154.0
89.067,-422.6,154.0
89.133,-422.7,153.9
89.200,-420.8,152.1
89.267,-422.0,152.7
89.333,-421.4,153.7
89.400,-422.8,153.8
89.467,-421.6,153.1
89.533,-423.2,152.9
89.600,-422.1,153.1
89.667,-420.6,155.0
89.733,-419.3,153.9
89.800,-419.1,153.7
89.867,-417.4,154.1
89.933,-414.9,154.3
90.000,-413.0,153.2
90.067,-418.3,152.6
90.133,-417.3,151.7
90.200,-418.6,152.9
90.267,-417.6,153.4
90.333,-418.7,153.0
90.400,-419.4,153.7
90.467,-418.6,156.1
90.533,-419.4,156.1
90.600,-419.3,154.7
90.667,-419.7,155.2
90.733,-414.0,153.2
90.800,-408.8,151.2
90.867,-409.3,150.8
90.933,-408.3,151.0
91.000,-410.3,147.9
91.067,-411.1,145.8
91.133,-411.4,144.9
91.200,-407.8,146.1
91.267,-410.0,148.9
91.333,-413.9,151.0
91.400,-416.5,154.2
91.467,-417.9,153.1
91.533,-419.8,152.9
91.600,-420.6,153.2
91.667,-420.2,152.2
91.733,-421.0,145.5
91.800,-421.2,141.2
91.867,-426.0,140.5
91.933,-426.8,144.7
92.000,-425.1,145.3
92.067,-427.3,145.0
92.133,-427.6,145.7
92.200,-425.2,145.0
92.267,-422.2,146.2
92.333,-422.9,147.1
92.400,-419.2,144.2
92.467,-416.0,137.9
92.533,-412.9,139.0
92.600,-415.5,142.9
92.667,-417.5,147.5
92.733,-418.3,147.7
92.800,-419.6,147.5
92.867,-426.1,147.8
92.933,-431.0,140.0
93.000,-430.6,140.4
93.067,-432.4,140.8
93.133,-433.9,142.8
93.200,-433.3,147.7
93.267,-429.9,148.5
93.333,-436.2,152.8
93.400,-435.2,151.7
93.467,-429.9,148.9
93.533,-432.0,146.5
93.600,-434.7,147.1
93.667,-433.2,149.6
93.733,-436.0,149.7
93.800,-436.9,149.2
93.867,-438.4,148.6
93.933,-435.8,148.4
94.000,-436.1,149.9
94.067,-435.3,150.7
94.133,-435.3,150.9
94.200,-440.7,149.0
94.267,-442.1,145.7
94.333,-440.1,143.8
94.400,-438.8,143.6
94.467,-440.0,143.0
94.533,-443.1,141.1
94.600,-442.5,143.5
94.667,-444.7,144.3
94.733,-447.1,146.8
94.800,-448.2,145.4
94.867,-451.1,145.0
94.933,-449.9,145.2
95.000,-449.6,146.1
95.067,-446.8,146.1
95.133,-448.8,145.8
95.200,-451.1,147.3
95.267,-447.6,144.2
95.333,-444.5,143.5
95.400,-438.5,143.0
95.467,-434.5,141.5
95.533,-436.6,141.8
95.600,-434.3,144.1
95.667,-430.9,147.3
95.733,-431.0,147.3
95.800,-430.4,147.4
95.867,-431.7,144.7
95.933,-432.9,145.1
96.000,-434.3,149.7
96.067,-435.2,151.4
96.133,-436.0,151.0
96.200,-436.1,151.6
96.267,-436.4,151.5
96.333,-438.5,148.5
96.400,-438.2,148.6
96.467,-438.1,148.9
96.533,-435.3,148.5
96.600,-434.6,143.9
96.667,-435.7,147.6
96.733,-433.4,144.5
96.800,-436.3,143.8
96.867,-440.2,145.0
96.933,-444.0,142.0
97.000,-447.0,142.0
97.067,-449.2,142.4
97.133,-447.8,144.9
97.200,-447.3,144.3
97.267,-442.5,143.5
97.333,-436.5,147.5
97.400,-431.9,148.3
97.467,-431.8,146.6
97.533,-429.6,142.6
97.600,-426.2,141.0
97.667,-424.3,138.9
97.733,-423.1,139.3
97.800,-424.3,138.9
97.867,-430.0,136.3
97.933,-428.0,137.5
98.000,-424.5,138.0
98.067,-423.8,138.1
98.133,-420.0,137.0
98.200,-419.5,134.0
98.267,-415.0,132.5
98.333,-415.3,133.8
98.400,-412.4,130.0
98.467,-414.3,128.9
98.533,-413.7,124.4
98.600,-415.7,127.3
98.667,-413.6,131.6
98.733,-412.2,131.9
98.800,-410.3,128.7
98.867,-411.3,128.2
98.933,-411.9,129.1
99.000,-408.0,128.4
99.067,-406.7,132.3
99.133,-407.5,136.5
99.200,-409.0,141.5
99.267,-406.4,143.6
99.333,-407.3,143.7
99.400,-407.2,144.1
99.467,-407.5,143.3
99.533,-404.2,144.7
99.600,-400.5,144.4
99.667,-400.8,142.5
99.733,-398.0,139.9
99.800,-393.5,146.5
99.867,-392.0,147.0
99.933,-389.2,146.9
100.000,-393.3,147.3
100.067,-398.1,147.0
100.133,-399.4,147.2
100.200,-404.4,147.1
100.267,-406.2,148.1
100.333,-406.3,148.1
100.400,-407.0,146.5
100.467,-410.7,146.2
100.533,-413.4,150.5
100.600,-418.8,152.7
100.667,-420.1,152.7
100.733,-420.9,152.2
100.800,-418.6,150.5
100.867,-420.9,147.2
100.933,-420.8,144.5
101.000,-420.0,143.9
101.067,-422.6,143.4
101.133,-426.6,145.0
101.200,-430.5,142.0
101.267,-436.5,141.0
101.333,-433.5,140.0
101.400,-429.5,144.2
101.467,-427.5,148.0
101.533,-426.4,153.1
101.600,-422.4,147.4
101.667,-420.6,149.6
101.733,-423.9,148.1
101.800,-422.4,148.2
101.867,-423.2,148.8
101.933,-425.6,148.7
102.000,-428.5,145.9
102.067,-429.3,146.2
102.133,-427.8,143.4
102.200,-430.3,142.8
102.267,-434.7,141.1
102.333,-437.4,141.4
102.400,-433.8,139.7
102.467,-434.8,141.1
102.533,-436.4,144.0
102.600,-439.1,145.4
102.667,-441.6,145.5
102.733,-440.3,146.0
102.800,-441.2,145.5
102.867,-440.1,145.0
102.933,-437.4,141.6
103.000,-437.8,143.7
103.067,-434.8,145.2
103.133,-435.4,142.7
103.200,-433.9,140.1
103.267,-432.2,140.2
103.333,-430.0,138.7
103.400,-424.0,138.5
103.467,-421.5,139.7
103.533,-423.5,136.8
103.600,-421.2,139.4
103.667,-421.2,140.2
103.733,-419.0,148.8
103.800,-417.8,149.4
103.867,-416.2,148.7
103.933,-412.4,148.1
104.000,-411.2,151.2
104.067,-411.4,154.2
104.133,-411.7,154.5
104.200,-417.5,155.1
104.267,-419.2,153.2
104.333,-419.3,152.5
104.400,-418.3,151.1
104.467,-421.6,150.4
104.533,-421.5,150.2
104.600,-419.7,150.0
104.667,-419.4,150.1
104.733,-421.2,149.6
104.800,-422.2,147.2
104.867,-421.7,149.3
104.933,-421.6,149.1
105.000,-423.9,143.2
105.067,-421.4,144.7
105.133,-419.0,143.9
105.200,-416.5,144.4
105.267,-415.6,140.1
105.333,-413.5,137.9
105.400,-410.3,140.0
105.467,-411.8,135.8
105.533,-413.8,134.1
105.600,-414.5,133.4
105.667,-413.1,131.9
105.733,-408.0,128.8
105.800,-404.5,129.0
105.867,-402.8,127.7
105.933,-402.4,134.2
106.000,-405.3,139.0
106.067,-407.7,138.9
106.133,-411.5,142.5
106.200,-412.5,144.5
106.267,-412.3,140.7
106.333,-411.6,140.4
106.400,-412.1,142.5
106.467,-410.3,144.8
106.533,-408.4,145.2
106.600,-411.2,142.2
106.667,-407.5,143.0
106.733,-405.3,146.1
106.800,-403.4,145.7
106.867,-403.8,145.9
106.933,-402.2,148.4
107.000,-402.4,148.8
107.067,-399.5,148.3
107.133,-400.3,148.5
107.200,-400.6,149.5
107.267,-402.5,155.0
107.333,-410.5,157.5
107.400,-412.5,165.0
107.467,-415.0,169.0
107.533,-409.0,163.0
107.600,-409.4,164.3
107.667,-409.1,164.3
107.733,-408.2,163.4
107.800,-409.2,163.3
107.867,-401.5,150.0
107.933,-405.0,149.0
108.000,-412.5,155.0
108.067,-416.2,156.1
108.133,-416.4,154.9
108.200,-418.4,153.4
108.267,-417.7,151.6
108.333,-416.6,150.8
108.400,-413.3,151.2
108.467,-406.8,147.6
108.533,-404.2,149.4
108.600,-400.8,147.7
108.667,-401.4,147.4
