t,x,y
0.000,-147.5,121.0
0.067,-148.2,119.5
0.133,-149.3,117.7
0.200,-149.3,117.8
0.267,-148.3,117.2
0.333,-147.5,116.9
0.400,-145.0,116.1
0.467,-145.2,117.6
0.533,-147.0,119.7
0.600,-148.3,120.7
0.667,-147.8,121.2
0.733,-147.1,120.8
0.800,-145.0,119.1
0.867,-146.3,120.5
0.933,-149.5,122.9
1.000,-150.7,123.4
1.067,-153.1,128.1
1.133,-156.0,129.7
1.200,-156.4,132.5
1.267,-153.4,133.1
1.333,-153.1,133.6
1.400,-153.4,132.8
1.467,-154.7,132.9
1.533,-154.0,132.6
1.600,-154.5,134.9
1.667,-154.8,133.6
1.733,-156.0,134.5
1.800,-155.0,136.4
1.867,-154.9,135.4
1.933,-154.0,133.3
2.000,-155.3,135.1
2.067,-156.8,137.4
2.133,-159.0,136.2
2.200,-156.5,135.7
2.267,-154.7,134.9
2.333,-155.3,135.5
2.400,-157.5,137.9
2.467,-156.5,138.9
2.533,-156.6,141.6
2.600,-155.6,138.4
2.667,-156.1,136.7
2.733,-152.7,134.5
2.800,-152.0,133.2
2.867,-150.7,133.3
2.933,-151.6,131.6
3.000,-153.9,132.5
3.067,-154.3,130.7
3.133,-155.3,132.1
3.200,-156.4,131.1
3.267,-156.2,132.0
3.333,-155.5,134.8
3.400,-154.3,134.9
3.467,-152.1,136.1
3.533,-150.4,135.6
3.600,-150.1,136.8
3.667,-150.8,138.8
3.733,-150.4,137.8
3.800,-149.0,138.1
3.867,-145.9,139.9
3.933,-143.0,142.5
4.000,-143.8,145.6
4.067,-145.8,145.3
4.133,-143.0,146.8
4.200,-142.6,147.3
4.267,-143.1,147.5
4.333,-146.5,150.8
4.400,-146.9,148.4
4.467,-146.6,145.4
4.533,-146.5,146.5
4.600,-145.5,148.9
4.667,-146.8,149.1
4.733,-147.8,152.8
4.800,-145.6,154.8
4.867,-143.5,152.3
4.933,-144.5,150.7
5.000,-144.4,149.6
5.067,-142.3,148.1
5.133,-144.9,145.8
5.200,-146.5,144.5
5.267,-144.7,145.1
5.333,-143.3,145.2
5.400,-144.8,144.7
5.467,-146.9,144.6
5.533,-146.4,142.5
5.600,-148.2,143.4
5.667,-150.4,142.3
5.733,-149.4,142.2
5.800,-153.2,144.9
5.867,-152.7,148.1
5.933,-152.4,144.6
6.000,-152.9,144.2
6.067,-152.0,144.0
6.133,-150.0,139.5
6.200,-152.5,141.6
6.267,-154.7,140.9
6.333,-153.4,139.2
6.400,-150.9,139.5
6.467,-150.3,140.3
6.533,-150.1,140.4
6.600,-148.3,139.5
6.667,-146.9,135.2
6.733,-150.1,134.7
6.800,-150.2,134.9
6.867,-148.2,133.4
6.933,-146.4,132.7
7.000,-144.1,134.3
7.067,-142.0,132.1
7.133,-140.9,131.6
7.200,-140.6,132.2
7.267,-141.2,130.1
7.333,-143.2,127.2
7.400,-144.6,128.4
7.467,-146.9,130.0
7.533,-149.3,128.4
7.600,-150.2,125.1
7.667,-152.4,127.2
7.733,-150.1,127.7
7.800,-144.2,126.1
7.867,-145.8,126.0
7.933,-147.7,126.6
8.000,-148.3,129.7
8.067,-149.1,129.7
8.133,-154.1,127.1
8.200,-153.9,120.6
8.267,-153.3,120.0
8.333,-153.8,115.8
8.400,-153.8,114.2
8.467,-157.0,117.1
8.533,-157.5,115.0
8.600,-156.1,115.8
8.667,-153.0,119.2
8.733,-153.5,118.0
8.800,-151.1,118.4
8.867,-149.4,118.6
8.933,-151.5,121.6
9.000,-150.3,123.5
9.067,-149.9,124.7
9.133,-147.6,124.2
9.200,-145.1,123.4
9.267,-143.3,123.1
9.333,-142.1,121.9
9.400,-140.2,121.8
9.467,-141.6,122.3
9.533,-142.3,119.5
9.600,-140.7,117.7
9.667,-140.6,114.6
9.733,-141.0,112.1
9.800,-144.4,109.7
9.867,-145.9,108.1
9.933,-144.7,105.0
10.000,-145.1,103.7
10.067,-145.0,104.7
10.133,-142.9,104.9
10.200,-145.1,106.7
10.267,-143.4,108.9
10.333,-141.0,109.0
10.400,-142.4,110.2
10.467,-143.2,109.1
10.533,-142.0,108.4
10.600,-144.8,107.2
10.667,-144.4,107.6
10.733,-142.6,109.2
10.800,-141.2,107.5
10.867,-142.8,103.8
10.933,-142.0,98.63
11.000,-140.8,98.42
11.067,-139.8,97.47
11.133,-139.8,97.22
11.200,-138.9,92.80
11.267,-138.7,93.39
11.333,-138.7,93.65
11.400,-141.1,95.12
11.467,-144.3,96.17
11.533,-142.7,95.35
11.600,-143.1,92.74
11.667,-143.4,90.36
11.733,-142.4,88.55
11.800,-143.0,84.89
11.867,-144.0,83.90
11.933,-141.7,82.46
12.000,-143.4,81.13
12.067,-144.3,81.03
12.133,-143.5,79.09
12.200,-143.5,79.08
12.267,-145.1,78.94
12.333,-142.9,77.87
12.400,-144.1,77.56
12.467,-144.6,75.47
12.533,-144.2,75.03
12.600,-143.0,73.82
12.667,-142.6,73.46
12.733,-142.6,74.46
12.800,-145.3,72.34
12.867,-144.5,73.13
12.933,-143.7,75.04
13.000,-145.0,73.82
13.067,-146.6,75.34
13.133,-145.7,76.50
13.200,-147.0,75.80
13.267,-149.3,76.97
13.333,-152.1,80.74
13.400,-148.1,79.39
13.467,-147.1,75.20
13.533,-149.3,74.27
13.600,-147.6,74.33
13.667,-146.8,72.05
13.733,-146.0,72.93
13.800,-145.2,75.74
13.867,-144.5,76.28
13.933,-148.2,75.63
14.000,-148.6,75.85
14.067,-151.2,75.49
14.133,-153.8,74.45
14.200,-154.7,76.37
14.267,-150.8,76.36
14.333,-151.8,76.22
14.400,-154.1,74.51
14.467,-154.1,76.37
14.533,-152.5,75.75
14.600,-150.5,75.62
14.667,-153.9,77.00
14.733,-153.0,76.25
14.800,-151.5,73.77
14.867,-148.4,69.46
14.933,-147.0,69.72
15.000,-147.6,72.53
15.067,-147.1,74.01
15.133,-147.8,74.61
15.200,-146.4,75.29
15.267,-145.3,73.92
15.333,-142.8,70.82
15.400,-140.3,67.20
15.467,-141.4,66.71
15.533,-141.2,68.21
15.600,-142.6,69.72
15.667,-145.7,65.94
15.733,-147.9,63.86
15.800,-148.1,63.86
15.867,-147.6,60.59
15.933,-146.6,63.14
16.000,-146.8,64.59
16.067,-146.4,66.51
16.133,-145.7,66.48
16.200,-145.3,66.26
16.267,-149.3,69.60
16.333,-151.9,71.46
16.400,-152.1,71.88
16.467,-148.9,75.78
16.533,-150.8,76.33
16.600,-152.4,74.77
16.667,-154.4,72.40
16.733,-153.6,73.56
16.800,-154.6,75.95
16.867,-156.8,74.22
16.933,-158.7,74.73
17.000,-160.8,73.80
17.067,-162.8,76.09
17.133,-165.4,77.86
17.200,-165.9,75.09
17.267,-166.6,75.13
17.333,-167.9,74.64
17.400,-164.6,73.95
17.467,-160.7,71.72
17.533,-162.2,71.02
17.600,-163.9,71.93
17.667,-164.1,73.07
17.733,-164.6,75.07
17.800,-165.1,76.20
17.867,-167.4,75.10
17.933,-166.8,75.67
18.000,-165.0,75.90
18.067,-166.0,73.73
18.133,-163.5,74.22
18.200,-166.2,74.25
18.267,-167.3,74.39
18.333,-167.3,73.19
18.400,-165.1,73.24
18.467,-162.2,72.65
18.533,-159.1,70.36
18.600,-159.0,70.94
18.667,-161.3,72.77
18.733,-163.3,73.18
18.800,-162.5,69.78
18.867,-161.3,70.78
18.933,-161.9,72.66
19.000,-162.6,73.83
19.067,-160.5,75.31
19.133,-160.8,75.54
19.200,-160.7,77.30
19.267,-160.4,76.64
19.333,-160.7,78.72
19.400,-162.8,78.49
19.467,-160.7,77.15
19.533,-159.8,76.38
19.600,-159.4,79.35
19.667,-160.2,78.02
19.733,-158.5,80.87
19.800,-156.8,80.49
19.867,-156.7,78.38
19.933,-157.2,75.47
20.000,-154.8,72.54
20.067,-151.6,73.16
20.133,-149.3,75.24
20.200,-153.2,74.48
20.267,-154.9,74.46
20.333,-154.6,73.11
20.400,-155.4,72.95
20.467,-155.1,70.60
20.533,-155.3,68.80
20.600,-156.6,70.51
20.667,-156.4,72.47
20.733,-159.4,72.56
20.800,-161.0,70.52
20.867,-158.7,65.97
20.933,-156.4,62.29
21.000,-157.6,57.56
21.067,-153.9,52.34
21.133,-154.9,51.56
21.200,-149.3,54.32
21.267,-148.0,54.24
21.333,-149.5,51.45
21.400,-149.4,52.99
21.467,-147.0,57.14
21.533,-143.3,57.51
21.600,-142.2,56.73
21.667,-141.9,58.17
21.733,-146.0,61.05
21.800,-148.8,61.69
21.867,-146.6,62.09
21.933,-145.4,60.23
22.000,-144.6,59.17
22.067,-142.2,58.92
22.133,-139.4,57.84
22.200,-139.0,55.36
22.267,-140.5,56.94
22.333,-141.2,55.81
22.400,-140.7,54.43
22.467,-143.3,54.20
22.533,-143.3,53.72
22.600,-142.7,52.56
22.667,-143.1,54.69
22.733,-141.1,53.16
22.800,-142.2,55.42
22.867,-143.6,56.04
22.933,-138.7,55.75
23.000,-135.7,56.77
23.067,-134.1,56.38
23.133,-133.7,55.94
23.200,-134.5,58.94
23.267,-136.1,58.25
23.333,-134.6,57.60
23.400,-132.0,58.25
23.467,-129.6,60.29
23.533,-130.1,61.87
23.600,-130.0,63.16
23.667,-127.5,62.41
23.733,-127.9,58.75
23.800,-128.5,55.59
23.867,-128.1,55.96
23.933,-129.4,52.24
24.000,-127.4,52.42
24.067,-129.3,53.38
24.133,-131.5,49.40
24.200,-136.0,49.92
24.267,-137.1,51.68
24.333,-141.6,50.64
24.400,-142.5,49.41
24.467,-144.8,49.37
24.533,-146.7,47.14
24.600,-149.6,50.85
24.667,-152.9,52.12
24.733,-150.5,55.80
24.800,-149.2,59.26
24.867,-152.0,60.30
24.933,-154.0,58.09
25.000,-155.1,58.02
25.067,-158.0,55.51
25.133,-156.7,53.12
25.200,-157.9,52.82
25.267,-157.8,48.06
25.333,-157.2,47.63
25.400,-155.3,50.06
25.467,-152.6,46.44
25.533,-150.6,44.19
25.600,-150.6,44.15
25.667,-151.4,47.76
25.733,-148.8,48.56
25.800,-146.8,45.52
25.867,-143.9,45.94
25.933,-144.2,47.46
26.000,-144.0,46.63
26.067,-141.9,44.74
26.133,-141.6,43.08
26.200,-142.0,42.28
26.267,-141.6,40.75
26.333,-139.6,41.22
26.400,-139.7,39.35
26.467,-143.9,39.62
26.533,-145.9,36.84
26.600,-145.2,36.82
26.667,-147.2,35.69
26.733,-149.8,33.50
26.800,-148.4,33.14
26.867,-143.0,32.99
26.933,-144.2,32.67
27.000,-144.0,33.75
27.067,-147.7,36.61
27.133,-148.1,34.16
27.200,-145.9,31.80
27.267,-147.9,34.86
27.333,-148.4,32.69
27.400,-148.0,32.32
27.467,-151.6,35.10
27.533,-156.7,32.83
27.600,-156.2,30.16
27.667,-157.8,27.29
27.733,-159.4,25.30
27.800,-158.3,25.98
27.867,-160.5,27.69
27.933,-160.4,26.70
28.000,-162.3,25.76
28.067,-164.1,29.97
28.133,-167.5,30.59
28.200,-168.1,30.08
28.267,-168.7,27.07
28.333,-169.6,27.57
28.400,-171.1,27.94
28.467,-171.4,26.59
28.533,-173.7,24.81
28.600,-175.6,26.26
28.667,-176.2,30.01
28.733,-175.5,26.56
28.800,-174.7,27.02
28.867,-171.7,25.79
28.933,-172.6,25.40
29.000,-173.9,26.66
29.067,-175.7,26.04
29.133,-174.6,27.71
29.200,-177.4,31.40
29.267,-176.3,29.91
29.333,-171.4,28.78
29.400,-170.2,30.27
29.467,-171.6,30.06
29.533,-174.9,28.48
29.600,-174.9,28.61
29.667,-174.3,26.40
29.733,-177.2,25.57
29.800,-181.4,22.76
29.867,-184.5,23.01
29.933,-185.5,24.04
30.000,-186.8,23.21
30.067,-185.1,21.09
30.133,-183.1,21.09
30.200,-185.7,16.12
30.267,-187.5,11.91
30.333,-189.3,10.26
30.400,-188.4,7.148
30.467,-188.8,8.278
30.533,-186.8,4.858
30.600,-185.4,0.787
30.667,-184.3,-3.080
30.733,-186.7,-0.576
30.800,-186.6,0.467
30.867,-187.1,0.361
30.933,-190.3,0.587
31.000,-191.5,2.099
31.067,-192.2,1.084
31.133,-194.2,0.292
31.200,-194.8,1.000
31.267,-194.6,4.399
31.333,-194.5,2.104
31.400,-192.6,0.897
31.467,-192.4,-1.910
31.533,-195.5,-4.714
31.600,-200.7,-7.334
31.667,-199.5,-6.897
31.733,-200.0,-6.940
31.800,-202.0,-7.311
31.867,-201.5,-5.879
31.933,-201.2,-8.900
32.000,-200.8,-12.63
32.067,-199.1,-13.22
32.133,-202.5,-11.34
32.200,-203.8,-8.881
32.267,-207.4,-10.93
32.333,-206.8,-14.71
32.400,-209.8,-15.51
32.467,-211.1,-11.99
32.533,-210.5,-11.17
32.600,-210.2,-10.65
32.667,-208.5,-9.653
32.733,-205.1,-8.793
32.800,-207.2,-10.07
32.867,-207.4,-8.770
32.933,-210.1,-4.772
33.000,-210.5,-6.078
33.067,-205.9,-11.09
33.133,-205.2,-8.951
33.200,-205.5,-6.304
33.267,-204.2,-6.433
33.333,-203.7,-10.41
33.400,-204.8,-12.85
33.467,-203.7,-15.55
33.533,-202.0,-18.23
33.600,-201.6,-18.27
33.667,-197.1,-16.86
33.733,-197.2,-16.55
33.800,-199.4,-18.25
33.867,-196.4,-20.31
33.933,-194.6,-19.07
34.000,-194.5,-16.52
34.067,-190.4,-15.89
34.133,-189.4,-18.89
34.200,-191.1,-19.23
34.267,-189.6,-19.26
34.333,-190.2,-18.05
34.400,-187.3,-16.87
34.467,-186.3,-16.75
34.533,-186.6,-15.91
34.600,-186.4,-18.55
34.667,-187.9,-17.39
34.733,-188.2,-16.90
34.800,-184.8,-16.35
34.867,-184.5,-14.58
34.933,-187.6,-13.32
35.000,-187.0,-11.61
35.067,-183.4,-9.271
35.133,-183.5,-8.588
35.200,-181.7,-9.981
35.267,-185.6,-10.82
35.333,-186.6,-9.204
35.400,-187.2,-6.996
35.467,-187.9,-8.746
35.533,-189.2,-9.516
35.600,-189.6,-9.981
35.667,-188.3,-11.18
35.733,-188.6,-10.01
35.800,-186.9,-10.66
35.867,-184.4,-12.56
35.933,-181.6,-12.68
36.000,-181.7,-12.58
36.067,-182.2,-11.21
36.133,-186.1,-8.055
36.200,-191.3,-4.224
36.267,-191.6,-3.035
36.333,-191.4,-0.609
36.400,-192.6,-1.178
36.467,-192.1,0.205
36.533,-190.4,4.354
36.600,-192.8,5.436
36.667,-193.7,6.215
36.733,-191.2,4.703
36.800,-188.9,3.772
36.867,-187.9,4.568
36.933,-187.5,6.907
37.000,-185.7,4.949
37.067,-186.5,5.557
37.133,-187.1,5.918
37.200,-186.9,6.053
37.267,-187.1,2.586
37.333,-184.4,2.125
37.400,-184.5,1.765
37.467,-184.7,3.075
37.533,-183.1,4.226
37.600,-183.8,7.982
37.667,-184.2,11.09
37.733,-183.9,11.62
37.800,-182.2,10.60
37.867,-178.2,12.40
37.933,-177.9,13.34
38.000,-177.5,13.60
38.067,-178.1,12.17
38.133,-179.4,9.546
38.200,-178.3,9.693
38.267,-177.3,9.488
38.333,-173.6,13.43
38.400,-171.4,15.45
38.467,-170.8,14.68
38.533,-174.0,12.99
38.600,-176.8,14.35
38.667,-176.9,18.04
38.733,-174.2,17.04
38.800,-173.9,17.51
38.867,-174.2,19.09
38.933,-173.3,20.94
39.000,-172.2,19.34
39.067,-172.8,15.69
39.133,-173.6,14.21
39.200,-176.3,15.10
39.267,-178.0,10.77
39.333,-176.7,10.17
39.400,-175.9,9.634
39.467,-177.9,6.168
39.533,-178.3,2.298
39.600,-178.7,2.136
39.667,-179.8,2.868
39.733,-181.6,0.555
39.800,-180.8,2.153
39.867,-181.0,2.534
39.933,-179.6,0.914
40.000,-180.2,3.179
40.067,-182.9,4.794
40.133,-184.2,6.036
40.200,-184.5,6.929
40.267,-183.7,3.165
40.333,-185.2,1.011
40.400,-188.1,1.155
40.467,-188.9,5.857
40.533,-189.4,7.198
40.600,-191.4,9.332
40.667,-188.5,11.89
40.733,-185.9,13.18
40.800,-182.5,12.04
40.867,-178.8,11.40
40.933,-177.6,7.980
41.000,-174.9,8.923
41.067,-178.2,12.50
41.133,-180.0,11.10
41.200,-181.7,8.071
41.267,-184.8,7.933
41.333,-183.3,6.809
41.400,-184.1,5.739
41.467,-185.8,3.991
41.533,-182.9,4.150
41.600,-182.3,4.253
41.667,-182.0,4.989
41.733,-178.7,4.749
41.800,-179.5,3.859
41.867,-178.8,5.870
41.933,-174.2,10.22
42.000,-174.5,8.319
42.067,-174.2,3.343
42.133,-174.4,1.114
42.200,-177.9,1.436
42.267,-178.8,2.393
42.333,-183.6,0.726
42.400,-186.3,-3.670
42.467,-185.7,-4.738
42.533,-188.5,-6.200
42.600,-185.9,-4.631
42.667,-187.9,-1.325
42.733,-188.2,-5.242
42.800,-188.3,-6.576
42.867,-189.8,-8.386
42.933,-189.3,-4.888
43.000,-187.6,-0.830
43.067,-183.7,4.101
43.133,-184.1,4.518
43.200,-186.9,6.331
43.267,-187.7,5.528
43.333,-188.5,7.282
43.400,-190.9,7.964
43.467,-194.9,9.227
43.533,-200.0,9.561
43.600,-202.6,10.95
43.667,-203.6,14.85
43.733,-200.4,13.61
43.800,-199.8,11.68
43.867,-202.9,8.773
43.933,-203.1,4.413
44.000,-205.6,5.103
44.067,-206.2,5.143
44.133,-207.8,5.742
44.200,-205.9,4.534
44.267,-205.6,6.064
44.333,-205.7,4.580
44.400,-206.5,3.754
44.467,-207.9,3.344
44.533,-209.5,0.366
44.600,-209.3,1.396
44.667,-211.1,0.973
44.733,-212.6,7.903E-3
44.800,-214.3,1.722
44.867,-215.6,2.656
44.933,-220.0,3.493
45.000,-225.0,1.553
45.067,-226.8,-5.259
45.133,-225.2,-7.902
45.200,-225.7,-11.78
45.267,-227.6,-13.21
45.333,-227.4,-11.78
45.400,-226.8,-13.31
45.467,-227.9,-13.72
45.533,-227.1,-14.08
45.600,-224.9,-14.29
45.667,-226.2,-11.92
45.733,-226.4,-8.411
45.800,-225.4,-8.406
45.867,-228.5,-11.00
45.933,-232.9,-12.82
46.000,-234.4,-13.20
46.067,-236.1,-14.43
46.133,-233.5,-17.50
46.200,-230.7,-16.76
46.267,-231.4,-13.71
46.333,-232.4,-11.64
46.400,-235.7,-10.69
46.467,-237.4,-13.76
46.533,-236.4,-17.75
46.600,-235.2,-18.63
46.667,-234.2,-17.70
46.733,-235.1,-18.02
46.800,-236.6,-21.42
46.867,-233.9,-21.77
46.933,-234.4,-21.51
47.000,-234.8,-19.74
47.067,-234.2,-20.64
47.133,-236.0,-23.08
47.200,-236.2,-22.17
47.267,-235.9,-23.19
47.333,-236.6,-24.03
47.400,-238.7,-23.32
47.467,-238.0,-22.10
47.533,-241.0,-18.93
47.600,-242.4,-17.47
47.667,-241.4,-16.60
47.733,-240.2,-18.04
47.800,-239.5,-16.31
47.867,-238.7,-18.40
47.933,-238.0,-16.81
48.000,-234.4,-16.23
48.067,-234.4,-17.69
48.133,-234.4,-13.57
48.200,-234.3,-6.394
48.267,-235.6,-7.524
48.333,-236.3,-6.922
48.400,-237.4,-8.922
48.467,-240.6,-7.331
48.533,-244.5,-10.13
48.600,-247.2,-10.12
48.667,-245.8,-9.124
48.733,-243.2,-9.833
48.800,-239.2,-8.807
48.867,-237.9,-10.83
48.933,-237.0,-10.11
49.000,-238.9,-10.61
49.067,-239.1,-11.11
49.133,-238.3,-11.34
49.200,-237.8,-12.95
49.267,-236.0,-12.61
49.333,-235.5,-12.14
49.400,-235.4,-10.74
49.467,-238.9,-14.80
49.533,-239.3,-10.67
49.600,-234.5,-2.000
49.667,-234.1,-1.255
49.733,-235.6,-2.055
49.800,-235.0,-4.717
49.867,-234.7,-5.652
49.933,-237.1,-5.020
50.000,-236.1,-4.055
50.067,-235.5,-3.153
50.133,-235.3,-2.905
50.200,-235.4,-2.237
50.267,-235.3,-3.183
50.333,-234.2,-2.215
50.400,-234.8,-2.835
50.467,-237.5,-1.911
50.533,-239.2,-0.268
50.600,-239.8,-0.958
50.667,-239.7,-4.076
50.733,-240.5,-4.731
50.800,-239.6,-3.248
50.867,-241.2,-1.156
50.933,-239.7,2.979
51.000,-239.7,1.162
51.067,-240.1,-1.282
51.133,-243.6,-4.755
51.200,-244.1,-5.308
51.267,-243.5,-7.181
51.333,-243.8,-6.920
51.400,-240.6,-5.295
51.467,-239.5,-6.167
51.533,-241.4,-4.954
51.600,-248.2,-6.089
51.667,-249.8,-6.759
51.733,-239.5,-33.96
51.800,-236.7,-34.90
51.867,-237.4,-37.09
51.933,-237.8,-35.88
52.000,-247.3,-18.10
52.067,-248.6,-18.65
52.133,-248.9,-19.52
52.200,-249.8,-20.75
52.267,-248.8,-21.47
52.333,-246.6,-21.79
52.400,-245.0,-23.79
52.467,-243.9,-26.88
52.533,-247.2,-27.86
52.600,-248.7,-28.12
52.667,-250.8,-30.11
52.733,-250.6,-33.65
52.800,-253.9,-34.66
52.867,-256.5,-34.05
52.933,-253.7,-35.47
53.000,-254.3,-35.69
53.067,-255.7,-37.90
53.133,-254.2,-37.19
53.200,-252.1,-37.05
53.267,-255.8,-36.90
53.333,-256.4,-36.41
53.400,-256.1,-33.34
53.467,-253.5,-34.14
53.533,-252.2,-35.25
53.600,-251.8,-36.47
53.667,-251.5,-35.2
53.733,-251.2,-35.1
53.800,-250.2,-38.5
53.867,-249.8,-40.2
53.933,-249.5,-41.50
54.000,-248.4,-43.70
54.067,-246.5,-43.51
54.133,-245.6,-40.34
54.200,-244.5,-39.60
54.267,-243.1,-37.99
54.333,-243.7,-35.29
54.400,-241.5,-38.53
54.467,-242.2,-39.90
54.533,-242.3,-38.90
54.600,-240.3,-40.99
54.667,-241.1,-41.82
54.733,-241.2,-44.72
54.800,-240.4,-45.48
54.867,-239.3,-46.94
54.933,-240.3,-48.78
55.000,-239.8,-48.43
55.067,-237.6,-50.13
55.133,-239.7,-52.22
55.200,-239.6,-52.09
55.267,-239.4,-49.65
55.333,-239.3,-53.59
55.400,-237.7,-54.44
55.467,-237.5,-58.44
55.533,-237.7,-59.19
55.600,-238.4,-59.63
55.667,-239.6,-59.20
55.733,-240.6,-60.33
55.800,-239.5,-60.42
55.867,-239.8,-59.18
55.933,-239.7,-56.34
56.000,-238.7,-53.28
56.067,-236.5,-53.65
56.133,-236.6,-56.42
56.200,-233.3,-55.80
56.267,-232.4,-54.92
56.333,-235.6,-59.43
56.400,-233.5,-57.59
56.467,-235.3,-56.88
56.533,-236.2,-55.95
56.600,-238.7,-53.17
56.667,-241.5,-50.56
56.733,-243.7,-49.33
56.800,-247.2,-49.83
56.867,-249.6,-50.49
56.933,-249.1,-49.89
57.000,-244.8,-51.32
57.067,-245.2,-53.98
57.133,-245.1,-59.85
57.200,-241.8,-59.21
57.267,-240.7,-60.21
57.333,-240.7,-60.24
57.400,-242.0,-60.92
57.467,-245.1,-59.86
57.533,-249.0,-61.12
57.600,-250.7,-60.37
57.667,-251.2,-59.63
57.733,-250.3,-62.71
57.800,-249.0,-62.99
57.867,-249.3,-61.51
57.933,-246.6,-58.30
58.000,-240.0,-52.30
58.067,-238.3,-53.63
58.133,-239.4,-55.57
58.200,-239.3,-58.60
58.267,-238.2,-58.87
58.333,-237.5,-64.49
58.400,-237.3,-69.59
58.467,-237.0,-74.15
58.533,-236.5,-77.50
58.600,-236.1,-79.03
58.667,-233.6,-80.21
58.733,-233.8,-79.72
58.800,-235.8,-81.47
58.867,-238.1,-79.59
58.933,-236.5,-83.50
59.000,-234.4,-87.90
59.067,-233.1,-88.59
59.133,-231.4,-88.63
59.200,-233.1,-87.77
59.267,-232.8,-86.93
59.333,-232.7,-87.19
59.400,-233.3,-86.22
59.467,-236.1,-86.90
59.533,-236.0,-86.01
59.600,-236.5,-85.39
59.667,-236.8,-83.24
59.733,-237.7,-82.49
59.800,-239.6,-80.49
59.867,-241.1,-86.70
59.933,-241.8,-86.48
60.000,-244.9,-86.10
60.067,-244.6,-88.60
60.133,-244.9,-87.60
60.200,-242.3,-87.54
60.267,-242.5,-89.07
60.333,-240.0,-89.72
60.400,-241.2,-91.25
60.467,-240.6,-90.61
60.533,-238.8,-88.01
60.600,-238.9,-86.66
60.667,-241.2,-88.87
60.733,-244.2,-87.47
60.800,-247.1,-86.45
60.867,-247.0,-84.30
60.933,-246.2,-82.63
61.000,-245.7,-81.78
61.067,-245.9,-85.01
61.133,-247.7,-86.23
61.200,-253.4,-88.19
61.267,-255.3,-88.76
61.333,-257.8,-86.71
61.400,-258.6,-90.09
61.467,-258.0,-89.48
61.533,-257.1,-91.19
61.600,-256.3,-88.62
61.667,-255.5,-85.62
61.733,-255.4,-85.02
61.800,-256.7,-81.59
61.867,-257.0,-81.62
61.933,-256.6,-80.87
62.000,-258.3,-78.81
62.067,-256.7,-80.00
62.133,-251.7,-76.65
62.200,-248.4,-76.67
62.267,-247.9,-82.46
62.333,-246.4,-84.54
62.400,-246.8,-86.24
62.467,-246.7,-86.93
62.533,-246.3,-85.13
62.600,-249.5,-87.89
62.667,-253.0,-89.30
62.733,-256.5,-90.87
62.800,-257.4,-91.25
62.867,-259.5,-91.10
62.933,-260.3,-88.83
63.000,-260.8,-86.60
63.067,-263.5,-85.35
63.133,-265.6,-83.82
63.200,-265.2,-85.58
63.267,-265.0,-87.00
63.333,-265.4,-86.16
63.400,-264.5,-86.73
63.467,-262.2,-86.24
63.533,-257.1,-82.30
63.600,-252.7,-82.64
63.667,-248.1,-87.15
63.733,-246.5,-85.73
63.800,-244.1,-87.25
63.867,-241.2,-89.85
63.933,-242.7,-91.71
64.000,-245.3,-89.46
64.067,-242.2,-91.90
64.133,-240.9,-93.65
64.200,-237.4,-94.22
64.267,-237.3,-92.74
64.333,-235.3,-92.14
64.400,-237.6,-91.50
64.467,-240.6,-89.19
64.533,-239.4,-88.78
64.600,-242.5,-96.19
64.667,-246.7,-97.88
64.733,-247.6,-97.07
64.800,-249.0,-96.46
64.867,-250.5,-93.60
64.933,-254.8,-92.47
65.000,-255.2,-95.85
65.067,-259.2,-97.72
65.133,-261.1,-96.39
65.200,-262.5,-95.87
65.267,-262.2,-94.21
65.333,-263.6,-91.13
65.400,-263.8,-88.98
65.467,-265.8,-88.92
65.533,-267.9,-91.86
65.600,-265.1,-91.25
65.667,-263.3,-87.84
65.733,-262.5,-88.28
65.800,-262.7,-88.97
65.867,-265.3,-88.01
65.933,-264.9,-85.20
66.000,-261.9,-85.88
66.067,-259.4,-86.19
66.133,-259.7,-87.87
66.200,-258.5,-88.99
66.267,-257.1,-88.87
66.333,-254.4,-86.89
66.400,-248.8,-86.92
66.467,-250.2,-88.30
66.533,-251.5,-88.44
66.600,-252.0,-87.61
66.667,-252.0,-85.37
66.733,-253.1,-84.15
66.800,-257.8,-79.59
66.867,-260.5,-77.33
66.933,-264.0,-74.35
67.000,-267.0,-78.41
67.067,-269.7,-79.46
67.133,-269.5,-79.82
67.200,-268.7,-81.29
67.267,-270.9,-84.12
67.333,-271.5,-85.33
67.400,-273.4,-84.09
67.467,-273.6,-83.22
67.533,-272.5,-83.64
67.600,-272.7,-82.86
67.667,-274.5,-80.80
67.733,-276.7,-80.02
67.800,-279.1,-79.87
67.867,-278.1,-80.56
67.933,-282.0,-81.85
68.000,-283.3,-82.98
68.067,-283.1,-84.89
68.133,-285.3,-84.38
68.200,-286.1,-82.55
68.267,-286.4,-81.69
68.333,-286.5,-78.87
68.400,-285.3,-77.76
68.467,-285.3,-75.25
68.533,-286.5,-74.64
68.600,-290.2,-73.80
68.667,-289.4,-72.75
68.733,-289.4,-75.67
68.800,-290.7,-72.16
68.867,-295.9,-72.75
68.933,-293.4,-72.67
69.000,-291.5,-71.35
69.067,-292.6,-74.00
69.133,-292.1,-73.83
69.200,-291.5,-70.28
69.267,-291.1,-68.71
69.333,-292.8,-65.67
69.400,-294.2,-62.14
69.467,-295.2,-63.87
69.533,-297.5,-62.30
69.600,-296.9,-63.69
69.667,-296.3,-61.18
69.733,-294.9,-59.68
69.800,-295.5,-58.67
69.867,-295.1,-57.81
69.933,-290.5,-57.33
70.000,-290.6,-57.31
70.067,-290.9,-57.90
70.133,-289.9,-57.77
70.200,-288.4,-58.17
70.267,-289.1,-57.97
70.333,-291.9,-57.05
70.400,-295.1,-57.43
70.467,-296.0,-58.79
70.533,-294.3,-59.09
70.600,-295.0,-58.77
70.667,-296.9,-60.66
70.733,-298.9,-60.19
70.800,-299.5,-61.37
70.867,-298.5,-62.55
70.933,-298.7,-63.15
71.000,-297.2,-68.00
71.067,-293.7,-55.75
71.133,-296.1,-58.74
71.200,-295.4,-61.08
71.267,-296.7,-63.97
71.333,-297.3,-67.96
71.400,-297.1,-68.98
71.467,-296.3,-70.84
71.533,-296.5,-72.88
71.600,-295.9,-74.88
71.667,-295.4,-74.01
71.733,-293.1,-76.92
71.800,-293.5,-75.68
71.867,-290.0,-70.94
71.933,-287.2,-67.80
72.000,-285.5,-68.91
72.067,-285.3,-66.58
72.133,-285.6,-66.83
72.200,-285.1,-69.54
72.267,-281.9,-71.04
72.333,-278.1,-71.10
72.400,-277.8,-71.77
72.467,-279.3,-72.59
72.533,-282.0,-74.61
72.600,-280.3,-75.06
72.667,-281.7,-73.88
72.733,-282.9,-74.94
72.800,-283.9,-74.95
72.867,-286.7,-76.83
72.933,-283.7,-78.06
73.000,-277.9,-78.46
73.067,-277.4,-75.16
73.133,-275.6,-72.17
73.200,-275.1,-74.61
73.267,-271.8,-75.23
73.333,-270.5,-73.02
73.400,-273.2,-70.70
73.467,-274.4,-70.19
73.533,-277.7,-71.29
73.600,-279.3,-72.53
73.667,-276.6,-71.75
73.733,-275.0,-70.41
73.800,-270.8,-69.42
73.867,-271.2,-67.87
73.933,-274.1,-66.28
74.000,-274.8,-66.95
74.067,-273.2,-66.80
74.133,-270.4,-65.85
74.200,-269.7,-66.90
74.267,-270.4,-68.55
74.333,-270.3,-72.51
74.400,-269.3,-73.09
74.467,-268.6,-70.84
74.533,-262.2,-70.76
74.600,-261.2,-68.86
74.667,-264.8,-67.96
74.733,-271.5,-70.83
74.800,-273.6,-73.29
74.867,-275.9,-74.13
74.933,-275.2,-74.33
75.000,-275.7,-72.87
75.067,-275.8,-70.02
75.133,-276.7,-71.22
75.200,-279.4,-71.79
75.267,-276.3,-71.60
75.333,-276.2,-68.58
75.400,-277.3,-68.81
75.467,-275.9,-71.18
75.533,-274.6,-71.62
75.600,-276.5,-70.28
75.667,-279.6,-71.18
75.733,-276.8,-70.56
75.800,-277.8,-71.54
75.867,-282.3,-70.75
75.933,-286.5,-75.15
76.000,-288.6,-74.77
76.067,-287.6,-73.09
76.133,-287.0,-71.40
76.200,-287.1,-72.09
76.267,-286.4,-71.87
76.333,-286.5,-72.14
76.400,-288.0,-74.67
76.467,-290.4,-73.75
76.533,-291.8,-70.65
76.600,-294.0,-69.62
76.667,-295.0,-67.85
76.733,-293.0,-66.16
76.800,-293.7,-64.05
76.867,-289.7,-64.24
76.933,-290.2,-64.60
77.000,-293.3,-65.87
77.067,-294.9,-64.78
77.133,-296.2,-63.99
77.200,-295.2,-59.11
77.267,-293.9,-60.02
77.333,-291.6,-61.53
77.400,-291.8,-61.78
77.467,-291.5,-59.70
77.533,-292.0,-56.91
77.600,-291.8,-56.20
77.667,-292.9,-54.95
77.733,-295.0,-52.00
77.800,-297.7,-55.02
77.867,-301.8,-54.56
77.933,-303.8,-54.34
78.000,-304.8,-55.55
78.067,-303.4,-57.65
78.133,-301.7,-57.58
78.200,-300.1,-59.06
78.267,-301.2,-62.99
78.333,-296.7,-61.38
78.400,-295.9,-59.15
78.467,-298.9,-58.04
78.533,-298.4,-57.73
78.600,-296.8,-57.63
78.667,-296.9,-60.50
78.733,-297.1,-59.65
78.800,-297.1,-59.33
78.867,-292.0,-56.87
78.933,-291.4,-56.54
79.000,-290.0,-58.55
79.067,-289.6,-57.79
79.133,-287.7,-60.60
79.200,-287.3,-62.53
79.267,-283.9,-64.59
79.333,-283.0,-65.37
79.400,-281.9,-66.66
79.467,-282.5,-67.06
79.533,-280.1,-70.95
79.600,-281.9,-73.23
79.667,-281.4,-72.09
79.733,-283.0,-72.04
79.800,-283.4,-72.88
79.867,-285.0,-75.01
79.933,-285.4,-73.93
80.000,-287.7,-73.01
80.067,-286.2,-73.97
80.133,-287.1,-72.08
80.200,-284.9,-70.30
80.267,-285.3,-68.61
80.333,-282.4,-68.44
80.400,-280.4,-69.12
80.467,-282.5,-69.73
80.533,-286.0,-69.24
80.600,-284.3,-68.62
80.667,-285.8,-69.73
80.733,-285.0,-70.21
80.800,-286.8,-73.06
80.867,-286.6,-71.72
80.933,-289.6,-71.87
81.000,-289.1,-74.15
81.067,-289.2,-73.68
81.133,-289.9,-76.57
81.200,-289.0,-78.68
81.267,-289.7,-78.98
81.333,-286.9,-76.26
81.400,-285.4,-75.97
81.467,-285.6,-77.57
81.533,-282.7,-81.16
81.600,-280.7,-80.18
81.667,-278.3,-77.88
81.733,-276.9,-76.62
81.800,-278.7,-75.92
81.867,-278.2,-73.99
81.933,-278.2,-71.71
82.000,-277.2,-74.61
82.067,-277.2,-82.23
82.133,-275.8,-86.47
82.200,-275.7,-80.99
82.267,-275.2,-80.93
82.333,-273.2,-81.29
82.400,-273.0,-81.39
82.467,-274.0,-78.17
82.533,-271.7,-75.60
82.600,-270.3,-73.02
82.667,-270.7,-69.87
82.733,-269.7,-70.84
82.800,-269.4,-72.17
82.867,-271.0,-70.07
82.933,-272.4,-70.09
83.000,-273.7,-71.20
83.067,-275.8,-74.39
83.133,-279.2,-75.84
83.200,-282.2,-78.67
83.267,-284.0,-81.22
83.333,-284.7,-84.19
83.400,-284.5,-84.56
83.467,-284.5,-86.90
83.533,-286.9,-89.08
83.600,-285.2,-91.53
83.667,-285.3,-94.42
83.733,-284.8,-93.04
83.800,-284.3,-88.68
83.867,-285.5,-86.44
83.933,-289.3,-89.55
84.000,-290.0,-93.28
84.067,-291.7,-98.06
84.133,-294.2,-97.33
84.200,-295.3,-97.44
84.267,-299.1,-101.8
84.333,-298.0,-100.8
84.400,-300.4,-103.2
84.467,-300.3,-105.8
84.533,-298.8,-108.6
84.600,-298.8,-110.4
84.667,-301.7,-110.1
84.733,-301.3,-107.7
84.800,-298.8,-108.9
84.867,-296.4,-109.7
84.933,-296.9,-109.0
85.000,-298.1,-111.9
85.067,-299.1,-113.1
85.133,-300.0,-111.7
85.200,-297.7,-109.0
85.267,-295.3,-107.6
85.333,-297.7,-106.2
85.400,-298.4,-104.9
85.467,-296.1,-103.7
85.533,-295.4,-103.3
85.600,-297.5,-99.10
85.667,-298.3,-95.70
85.733,-297.7,-96.01
85.800,-298.7,-101.1
85.867,-302.3,-102.4
85.933,-301.1,-102.3
86.000,-299.6,-101.6
86.067,-299.4,-100.3
86.133,-296.1,-101.2
86.200,-295.7,-100.7
86.267,-293.8,-100.5
86.333,-293.4,-101.8
86.400,-289.6,-100.3
86.467,-285.5,-100.2
86.533,-288.2,-105.7
86.600,-288.9,-106.8
86.667,-285.4,-111.1
86.733,-285.1,-108.5
86.800,-287.5,-106.7
86.867,-285.5,-108.8
86.933,-283.3,-111.3
87.000,-283.5,-113.4
87.067,-285.3,-111.6
87.133,-280.7,-112.9
87.200,-279.0,-111.2
87.267,-276.4,-113.0
87.333,-274.7,-113.3
87.400,-272.5,-110.8
87.467,-272.6,-108.3
87.533,-270.3,-107.2
87.600,-266.6,-105.9
87.667,-267.6,-106.1
87.733,-266.9,-106.9
87.800,-266.4,-106.6
87.867,-265.6,-104.8
87.933,-264.7,-102.7
88.000,-263.7,-102.8
88.067,-264.7,-103.0
88.133,-264.3,-102.5
88.200,-262.6,-103.5
88.267,-261.2,-102.1
88.333,-260.9,-100.2
88.400,-264.0,-98.32
88.467,-262.4,-96.29
88.533,-263.3,-96.78
88.600,-261.9,-94.94
88.667,-262.4,-91.28
88.733,-260.9,-90.84
88.800,-261.1,-93.81
88.867,-261.6,-94.66
88.933,-264.6,-93.62
89.000,-265.9,-97.79
89.067,-264.5,-96.27
89.133,-261.4,-95.73
89.200,-258.2,-95.92
89.267,-258.5,-91.13
89.333,-257.3,-85.99
89.400,-257.4,-88.06
89.467,-257.2,-86.51
89.533,-255.3,-87.63
89.600,-255.8,-91.45
89.667,-258.2,-95.28
89.733,-258.3,-94.00
89.800,-259.6,-92.63
89.867,-260.1,-91.78
89.933,-258.3,-90.91
90.000,-260.8,-87.76
90.067,-261.8,-91.87
90.133,-260.8,-94.32
90.200,-259.4,-95.41
90.267,-261.9,-95.89
90.333,-260.4,-98.19
90.400,-259.1,-100.6
90.467,-261.8,-100.3
90.533,-262.9,-101.2
90.600,-266.5,-105.2
90.667,-268.6,-102.6
90.733,-269.4,-101.8
90.800,-270.3,-98.32
90.867,-270.9,-100.6
90.933,-269.9,-102.2
91.000,-273.6,-105.2
91.067,-275.7,-108.4
91.133,-274.6,-110.5
91.200,-275.0,-114.9
91.267,-271.2,-116.3
91.333,-270.8,-114.1
91.400,-274.2,-114.4
91.467,-271.3,-115.4
91.533,-270.7,-113.1
91.600,-269.9,-112.1
91.667,-267.2,-110.3
91.733,-265.9,-110.5
91.800,-267.5,-109.5
91.867,-268.4,-109.0
91.933,-266.6,-104.9
92.000,-264.9,-105.4
92.067,-266.8,-103.9
92.133,-268.8,-104.9
92.200,-268.2,-103.3
92.267,-268.3,-105.9
92.333,-268.4,-105.6
92.400,-267.5,-103.1
92.467,-265.2,-100.2
92.533,-262.5,-100.2
92.600,-261.4,-100.2
92.667,-261.6,-100.9
92.733,-259.3,-100.3
92.800,-259.5,-100.4
92.867,-259.1,-101.1
92.933,-256.6,-102.2
93.000,-254.8,-103.0
93.067,-255.9,-100.7
93.133,-255.0,-99.55
93.200,-252.8,-102.2
93.267,-251.1,-104.8
93.333,-252.1,-106.6
93.400,-251.2,-108.2
93.467,-252.1,-107.1
93.533,-251.7,-108.5
93.600,-252.2,-110.8
93.667,-250.4,-110.2
93.733,-249.6,-109.3
93.800,-248.9,-110.9
93.867,-247.7,-111.8
93.933,-244.9,-112.7
94.000,-244.9,-112.7
94.067,-243.2,-111.9
94.133,-244.9,-111.7
94.200,-248.8,-109.8
94.267,-247.2,-108.1
94.333,-248.3,-108.7
94.400,-250.8,-107.7
94.467,-249.2,-108.1
94.533,-246.7,-104.8
94.600,-245.9,-103.2
94.667,-250.0,-103.7
94.733,-251.0,-102.5
94.800,-250.2,-103.3
94.867,-250.9,-101.6
94.933,-253.6,-98.15
95.000,-251.5,-97.52
95.067,-253.0,-95.99
95.133,-254.1,-97.47
95.200,-253.4,-101.5
95.267,-251.6,-102.5
95.333,-249.7,-103.8
95.400,-248.5,-101.3
95.467,-246.3,-96.34
95.533,-246.7,-94.07
95.600,-247.0,-94.83
95.667,-248.9,-97.70
95.733,-244.5,-94.35
95.800,-245.0,-95.20
95.867,-242.6,-93.69
95.933,-244.9,-94.57
96.000,-246.5,-90.63
96.067,-246.3,-89.51
96.133,-247.9,-87.56
96.200,-248.0,-85.19
96.267,-247.3,-84.51
96.333,-244.9,-84.07
96.400,-239.5,-84.07
96.467,-237.3,-86.99
96.533,-241.3,-88.30
96.600,-240.2,-86.29
96.667,-241.9,-82.88
96.733,-245.0,-83.38
96.800,-246.6,-84.05
96.867,-246.1,-85.18
96.933,-245.9,-87.26
97.000,-246.2,-88.22
97.067,-246.0,-87.97
97.133,-246.7,-88.28
97.200,-251.9,-88.29
97.267,-255.8,-85.44
97.333,-257.4,-83.78
97.400,-255.4,-87.52
97.467,-253.1,-89.37
97.533,-251.9,-91.30
97.600,-252.8,-91.18
97.667,-252.0,-87.50
97.733,-251.4,-88.01
97.800,-253.7,-91.13
97.867,-256.2,-92.65
97.933,-254.0,-96.86
98.000,-254.4,-97.23
98.067,-254.0,-95.97
98.133,-254.5,-95.13
98.200,-257.4,-96.70
98.267,-263.2,-97.66
98.333,-261.5,-97.97
98.400,-260.3,-100.4
98.467,-259.1,-99.96
98.533,-260.1,-105.1
98.600,-260.2,-106.0
98.667,-262.0,-110.4
98.733,-260.9,-113.8
98.800,-258.3,-115.9
98.867,-257.6,-118.3
98.933,-262.6,-115.8
99.000,-262.6,-117.9
99.067,-263.3,-120.9
99.133,-262.5,-120.8
99.200,-259.8,-123.2
99.267,-259.7,-122.2
99.333,-263.2,-122.3
99.400,-265.0,-119.3
99.467,-267.0,-120.0
99.533,-266.6,-119.5
99.600,-266.5,-119.3
99.667,-266.3,-117.7
99.733,-264.8,-116.6
99.800,-266.7,-115.5
99.867,-268.6,-118.0
99.933,-268.0,-116.1
100.000,-267.8,-115.3
100.067,-269.3,-116.9
100.133,-269.3,-117.5
100.200,-269.3,-118.1
100.267,-269.5,-121.1
100.333,-271.2,-121.6
100.400,-274.4,-122.3
100.467,-275.3,-123.1
100.533,-273.6,-124.9
100.600,-275.3,-128.1
100.667,-273.2,-128.6
100.733,-279.3,-132.9
100.800,-281.4,-131.8
100.867,-282.9,-132.4
100.933,-283.2,-136.1
101.000,-281.2,-139.5
101.067,-285.1,-143.4
101.133,-288.3,-144.8
101.200,-289.2,-143.8
101.267,-289.5,-142.6
101.333,-286.8,-141.4
101.400,-284.4,-142.8
101.467,-286.9,-145.6
101.533,-290.9,-144.3
101.600,-292.1,-142.1
101.667,-292.8,-144.1
101.733,-298.3,-148.5
101.800,-300.1,-152.8
101.867,-294.4,-154.0
101.933,-288.5,-155.7
102.000,-287.9,-162.3
102.067,-286.0,-165.1
102.133,-285.5,-164.8
102.200,-284.7,-161.0
102.267,-284.2,-165.5
102.333,-281.1,-167.8
102.400,-279.0,-172.0
102.467,-275.4,-169.1
102.533,-273.4,-169.2
102.600,-274.8,-170.1
102.667,-275.7,-169.4
102.733,-275.2,-169.9
102.800,-276.0,-169.3
102.867,-281.0,-171.7
102.933,-284.5,-172.5
103.000,-286.8,-172.3
103.067,-289.1,-172.2
103.133,-290.9,-167.3
103.200,-288.2,-166.9
103.267,-284.6,-167.3
103.333,-280.1,-166.3
103.400,-278.9,-166.7
103.467,-281.6,-169.1
103.533,-282.0,-170.8
103.600,-282.6,-169.8
103.667,-284.5,-169.5
103.733,-284.2,-169.6
103.800,-286.2,-166.9
103.867,-287.8,-163.6
103.933,-289.2,-160.7
104.000,-286.4,-159.4
104.067,-285.4,-160.0
104.133,-284.9,-160.9
104.200,-283.4,-157.8
104.267,-285.3,-155.3
104.333,-285.2,-149.1
104.400,-285.5,-150.3
104.467,-288.4,-150.2
104.533,-289.9,-148.7
104.600,-287.8,-145.9
104.667,-286.4,-145.4
104.733,-283.6,-146.7
104.800,-282.5,-146.4
104.867,-284.1,-146.6
104.933,-282.1,-148.3
105.000,-283.0,-148.3
105.067,-282.9,-148.2
105.133,-284.2,-150.2
105.200,-285.6,-149.2
105.267,-286.7,-151.7
105.333,-287.3,-152.0
105.400,-288.1,-151.8
105.467,-290.6,-151.7
105.533,-292.0,-148.7
105.600,-291.2,-147.4
105.667,-291.5,-146.3
105.733,-289.4,-145.4
105.800,-290.1,-145.2
105.867,-291.8,-143.9
105.933,-296.8,-145.7
106.000,-299.1,-145.9
106.067,-300.2,-144.0
106.133,-299.2,-142.5
106.200,-296.4,-143.4
106.267,-295.5,-142.2
106.333,-295.2,-140.1
106.400,-293.7,-139.9
106.467,-292.1,-138.6
106.533,-291.8,-140.9
106.600,-292.2,-141.8
106.667,-291.3,-143.2
106.733,-289.1,-143.1
106.800,-289.9,-141.6
106.867,-288.4,-144.9
106.933,-288.3,-145.6
107.000,-290.5,-145.9
107.067,-291.8,-149.0
107.133,-293.6,-146.3
107.200,-290.6,-147.6
107.267,-292.1,-148.2
107.333,-291.1,-148.9
107.400,-291.2,-150.3
107.467,-291.7,-149.4
107.533,-293.2,-149.2
107.600,-295.2,-147.0
107.667,-291.3,-149.8
107.733,-289.7,-148.3
107.800,-289.2,-145.4
107.867,-291.8,-145.7
107.933,-290.9,-147.7
108.000,-289.3,-147.4
108.067,-290.5,-145.7
108.133,-290.4,-141.7
108.200,-289.9,-144.4
108.267,-290.6,-146.2
108.333,-292.4,-147.8
108.400,-295.8,-150.2
108.467,-296.1,-149.6
108.533,-297.5,-148.8
108.600,-298.8,-147.3
108.667,-297.0,-143.6
108.733,-294.2,-145.4
108.800,-294.2,-146.9
108.867,-292.6,-146.3
108.933,-292.6,-143.3
109.000,-289.7,-145.3
109.067,-288.5,-145.6
109.133,-287.8,-146.4
109.200,-291.4,-144.9
109.267,-290.7,-143.8
109.333,-289.8,-142.9
109.400,-289.0,-142.6
109.467,-292.0,-140.2
109.533,-290.1,-142.1
109.600,-290.2,-143.6
109.667,-290.5,-139.7
109.733,-291.7,-137.2
109.800,-295.4,-137.8
109.867,-294.7,-137.2
109.933,-296.6,-134.8
110.000,-296.3,-134.1
110.067,-297.9,-136.1
110.133,-298.2,-135.2
110.200,-297.4,-137.0
110.267,-297.2,-140.1
110.333,-296.6,-139.1
110.400,-296.3,-137.4
110.467,-298.4,-137.0
110.533,-300.0,-141.3
110.600,-304.0,-145.4
110.667,-304.1,-145.8
110.733,-303.3,-147.8
110.800,-302.2,-152.2
110.867,-298.6,-154.6
110.933,-298.5,-154.0
111.000,-297.2,-153.2
111.067,-295.6,-152.6
111.133,-292.3,-152.7
111.200,-294.1,-154.9
111.267,-295.9,-157.5
111.333,-295.0,-158.3
111.400,-294.5,-155.9
111.467,-289.9,-154.3
111.533,-289.8,-155.1
111.600,-289.8,-156.5
111.667,-292.9,-156.5
111.733,-293.8,-154.9
111.800,-297.9,-153.6
111.867,-296.9,-152.3
111.933,-291.1,-149.4
112.000,-288.7,-148.2
112.067,-284.8,-148.1
112.133,-284.4,-147.3
112.200,-284.9,-148.4
112.267,-287.3,-149.6
112.333,-286.5,-153.3
112.400,-287.3,-157.9
112.467,-284.7,-153.2
112.533,-281.6,-151.3
112.600,-280.5,-149.8
112.667,-280.3,-149.2
112.733,-278.0,-153.5
112.800,-276.2,-155.6
112.867,-278.6,-156.9
112.933,-280.3,-159.4
113.000,-281.5,-157.9
113.067,-284.0,-156.2
113.133,-285.4,-158.1
113.200,-287.4,-159.1
113.267,-286.7,-156.9
113.333,-289.8,-158.0
113.400,-288.6,-154.6
113.467,-289.0,-154.9
113.533,-285.7,-153.1
113.600,-287.8,-155.2
113.667,-288.8,-156.0
113.733,-287.4,-154.2
113.800,-284.5,-153.0
113.867,-283.3,-154.7
113.933,-284.1,-155.1
114.000,-283.6,-156.0
114.067,-282.2,-158.1
114.133,-282.0,-159.0
114.200,-283.8,-158.8
114.267,-284.5,-156.6
114.333,-284.1,-155.2
114.400,-282.1,-155.9
114.467,-282.8,-157.0
114.533,-282.3,-159.6
114.600,-281.3,-160.4
114.667,-282.7,-160.2
114.733,-281.9,-158.0
114.800,-281.2,-159.4
114.867,-279.9,-163.3
114.933,-282.8,-163.0
115.000,-286.6,-165.7
115.067,-288.2,-166.7
115.133,-289.1,-167.3
115.200,-292.0,-166.0
115.267,-295.3,-164.3
115.333,-294.9,-166.1
115.400,-295.6,-168.2
115.467,-296.8,-168.3
115.533,-298.1,-168.3
115.600,-298.5,-166.1
115.667,-296.0,-165.9
115.733,-295.5,-163.5
115.800,-294.0,-165.3
115.867,-291.6,-165.6
115.933,-287.0,-164.7
116.000,-286.6,-166.2
116.067,-287.9,-167.5
116.133,-287.7,-169.0
116.200,-289.9,-167.3
116.267,-294.0,-165.3
116.333,-294.5,-163.9
116.400,-297.2,-161.8
116.467,-296.3,-159.9
116.533,-296.8,-161.2
116.600,-296.5,-160.8
116.667,-293.3,-160.2
116.733,-294.0,-159.7
116.800,-293.6,-160.6
116.867,-294.8,-157.8
116.933,-290.9,-157.1
117.000,-289.8,-157.0
117.067,-290.0,-154.8
117.133,-289.4,-155.2
117.200,-287.6,-154.5
117.267,-286.1,-155.8
117.333,-286.4,-156.9
117.400,-285.8,-157.8
117.467,-287.6,-157.6
117.533,-290.4,-157.4
117.600,-289.2,-156.8
117.667,-287.3,-157.8
117.733,-288.4,-162.7
117.800,-293.1,-165.9
117.867,-293.3,-167.7
117.933,-295.5,-170.2
118.000,-292.5,-171.5
118.067,-293.8,-172.3
118.133,-297.3,-174.2
118.200,-296.2,-174.3
118.267,-295.3,-176.1
118.333,-292.7,-177.4
118.400,-292.6,-177.5
118.467,-296.5,-176.9
118.533,-296.4,-174.0
118.600,-294.1,-173.6
118.667,-295.1,-173.5
118.733,-296.5,-173.7
118.800,-297.5,-171.3
118.867,-294.6,-173.5
118.933,-295.6,-175.3
119.000,-297.4,-174.7
119.067,-298.5,-176.8
119.133,-300.1,-180.7
119.200,-305.1,-182.5
119.267,-307.2,-182.9
119.333,-310.6,-183.9
119.400,-314.5,-182.9
119.467,-314.7,-183.1
119.533,-314.7,-181.2
119.600,-317.2,-180.5
119.667,-319.3,-183.1
119.733,-321.6,-182.1
119.800,-323.4,-179.1
119.867,-324.8,-180.6
119.933,-325.3,-181.2
120.000,-322.1,-182.2
120.067,-319.7,-181.5
120.133,-321.1,-182.0
120.200,-320.6,-178.5
120.267,-322.4,-179.8
120.333,-325.3,-183.2
120.400,-323.0,-183.1
120.467,-321.3,-180.1
120.533,-319.3,-180.7
120.600,-318.8,-183.4
120.667,-318.0,-183.2
120.733,-318.4,-181.9
120.800,-318.3,-183.6
120.867,-317.6,-183.9
120.933,-317.4,-182.0
121.000,-316.9,-184.7
121.067,-316.2,-188.1
121.133,-312.8,-193.1
121.200,-314.7,-191.7
121.267,-314.7,-192.7
121.333,-315.1,-194.2
121.400,-314.8,-199.1
121.467,-312.7,-202.2
121.533,-311.6,-202.2
121.600,-315.2,-202.1
121.667,-315.5,-202.7
121.733,-314.3,-202.7
121.800,-316.8,-201.1
121.867,-321.4,-199.2
121.933,-322.7,-198.1
122.000,-323.0,-199.4
122.067,-319.8,-200.8
122.133,-321.0,-200.5
122.200,-319.8,-200.1
122.267,-321.0,-202.6
122.333,-321.3,-201.6
122.400,-318.7,-200.0
122.467,-319.0,-198.6
122.533,-316.4,-197.1
122.600,-315.0,-200.5
122.667,-315.4,-202.7
122.733,-317.4,-200.4
122.800,-320.1,-199.4
122.867,-320.0,-198.3
122.933,-322.4,-196.5
123.000,-326.1,-196.8
123.067,-326.2,-198.7
123.133,-328.1,-198.9
123.200,-326.6,-202.2
123.267,-326.9,-203.2
123.333,-326.8,-201.9
123.400,-330.2,-202.9