
t,x,y
0.000,-330.5,-264.5
0.067,-340.6,-246.0
0.133,-340.5,-246.2
0.200,-340.1,-248.3
0.267,-338.1,-249.8
0.333,-339.8,-250.0
0.400,-338.1,-252.0
0.467,-339.8,-254.0
0.533,-340.1,-252.3
0.600,-343.3,-250.5
0.667,-344.8,-251.9
0.733,-346.0,-258.1
0.800,-348.2,-259.4
0.867,-346.0,-259.8
0.933,-343.1,-259.1
1.000,-343.8,-259.6
1.067,-344.5,-261.0
1.133,-343.3,-263.2
1.200,-340.9,-264.0
1.267,-339.4,-262.3
1.333,-336.2,-261.9
1.400,-334.5,-255.9
1.467,-333.2,-252.3
1.533,-334.4,-251.2
1.600,-333.6,-249.2
1.667,-331.3,-247.6
1.733,-324.3,-249.6
1.800,-324.1,-250.1
1.867,-323.2,-254.7
1.933,-320.7,-255.3
2.000,-321.6,-253.0
2.067,-320.4,-253.2
2.133,-320.6,-248.8
2.200,-323.0,-249.7
2.267,-321.5,-249.3
2.333,-322.9,-250.4
2.400,-324.2,-251.3
2.467,-324.3,-253.4
2.533,-322.8,-257.7
2.600,-324.5,-260.5
2.667,-326.3,-262.6
2.733,-325.6,-260.7
2.800,-322.7,-259.4
2.867,-323.5,-259.8
2.933,-322.2,-261.9
3.000,-320.8,-262.4
3.067,-319.5,-260.8
3.133,-318.9,-259.5
3.200,-322.3,-259.7
3.267,-326.8,-259.3
3.333,-328.5,-257.6
3.400,-327.5,-259.1
3.467,-323.8,-259.5
3.533,-323.0,-261.5
3.600,-328.2,-263.5
3.667,-331.3,-262.5
3.733,-331.2,-262.6
3.800,-330.6,-262.7
3.867,-330.7,-263.3
3.933,-331.7,-265.6
4.000,-331.0,-265.2
4.067,-330.8,-263.7
4.133,-331.8,-264.1
4.200,-329.7,-260.8
4.267,-328.9,-261.9
4.333,-330.5,-264.4
4.400,-330.5,-262.3
4.467,-330.3,-260.9
4.533,-330.7,-258.9
4.600,-328.7,-257.7
4.667,-329.3,-256.8
4.733,-331.6,-257.4
4.800,-330.6,-254.0
4.867,-330.3,-254.5
4.933,-331.6,-254.9
5.000,-331.4,-253.6
5.067,-333.0,-254.9
5.133,-337.0,-255.0
5.200,-334.8,-252.6
5.267,-331.6,-250.5
5.333,-331.8,-250.4
5.400,-330.4,-251.8
5.467,-332.0,-251.8
5.533,-336.1,-248.7
5.600,-340.0,-248.3
5.667,-339.5,-250.1
5.733,-338.7,-251.8
5.800,-335.8,-252.2
5.867,-331.8,-255.0
5.933,-328.6,-255.8
6.000,-328.7,-257.8
6.067,-332.1,-256.3
6.133,-333.0,-256.8
6.200,-332.5,-258.3
6.267,-335.0,-259.9
6.333,-334.5,-255.7
6.400,-338.3,-258.7
6.467,-339.2,-257.1
6.533,-338.4,-254.9
6.600,-343.7,-255.9
6.667,-349.4,-257.7
6.733,-349.8,-258.3
6.800,-348.2,-257.8
6.867,-345.4,-256.4
6.933,-345.1,-257.5
7.000,-345.7,-259.7
7.067,-345.6,-258.8
7.133,-348.5,-260.2
7.200,-349.8,-261.8
7.267,-347.4,-262.7
7.333,-344.9,-261.6
7.400,-347.9,-263.5
7.467,-347.8,-262.1
7.533,-345.3,-259.7
7.600,-343.3,-261.1
7.667,-342.5,-261.2
7.733,-340.7,-256.7
7.800,-340.7,-257.2
7.867,-341.2,-259.9
7.933,-341.2,-258.4
8.000,-342.0,-257.6
8.067,-344.8,-256.4
8.133,-346.2,-259.0
8.200,-344.6,-261.0
8.267,-342.7,-263.6
8.333,-340.5,-264.2
8.400,-339.8,-263.3
8.467,-339.7,-262.1
8.533,-337.2,-264.5
8.600,-338.7,-265.5
8.667,-340.9,-265.0
8.733,-342.3,-263.8
8.800,-341.1,-264.1
8.867,-341.1,-264.6
8.933,-342.4,-265.3
9.000,-343.5,-262.6
9.067,-342.1,-261.1
9.133,-342.5,-259.6
9.200,-341.0,-257.7
9.267,-340.4,-257.3
9.333,-341.4,-259.1
9.400,-342.5,-260.8
9.467,-342.8,-262.1
9.533,-342.4,-264.5
9.600,-340.9,-262.7
9.667,-342.1,-262.5
9.733,-343.8,-261.3
9.800,-343.9,-264.5
9.867,-347.7,-269.9
9.933,-347.5,-270.2
10.000,-347.3,-270.7
10.067,-348.2,-271.3
10.133,-349.2,-268.9
10.200,-350.5,-267.6
10.267,-352.8,-267.5
10.333,-350.2,-264.6
10.400,-350.6,-263.4
10.467,-352.3,-265.2
10.533,-352.1,-264.8
10.600,-351.1,-263.2
10.667,-354.3,-262.9
10.733,-352.3,-264.9
10.800,-351.1,-263.8
10.867,-351.3,-263.5
10.933,-350.6,-262.3
11.000,-351.7,-262.8
11.067,-353.2,-263.6
11.133,-358.3,-260.3
11.200,-359.5,-258.5
11.267,-359.3,-261.1
11.333,-358.9,-261.9
11.400,-359.7,-260.1
11.467,-360.9,-261.4
11.533,-359.0,-261.6
11.600,-357.1,-257.5
11.667,-358.7,-258.2
11.733,-356.7,-257.5
11.800,-357.0,-256.7
11.867,-360.7,-255.4
11.933,-365.0,-257.3
12.000,-365.0,-259.5
12.067,-365.0,-262.8
12.133,-365.9,-261.4
12.200,-363.7,-260.9
12.267,-360.9,-260.6
12.333,-358.7,-259.3
12.400,-357.5,-258.1
12.467,-357.2,-260.2
12.533,-355.5,-262.3
12.600,-354.1,-263.6
12.667,-353.9,-262.1
12.733,-359.0,-260.9
12.800,-358.6,-262.5
12.867,-358.5,-259.9
12.933,-359.6,-260.9
13.000,-359.9,-262.6
13.067,-362.2,-261.7
13.133,-360.4,-262.8
13.200,-357.3,-263.1
13.267,-357.4,-264.1
13.333,-359.2,-262.8
13.400,-360.3,-264.3
13.467,-361.7,-263.4
13.533,-362.3,-262.2
13.600,-362.4,-261.3
13.667,-363.1,-260.7
13.733,-364.2,-260.9
13.800,-364.9,-260.8
13.867,-367.1,-260.3
13.933,-365.0,-259.4
14.000,-363.8,-261.6
14.067,-362.9,-263.1
14.133,-362.3,-263.5
14.200,-365.7,-260.6
14.267,-365.1,-260.2
14.333,-362.6,-260.4
14.400,-362.0,-261.9
14.467,-362.7,-261.8
14.533,-362.5,-257.7
14.600,-360.9,-256.2
14.667,-360.9,-257.4
14.733,-362.4,-257.7
14.800,-363.9,-260.6
14.867,-366.5,-262.0
14.933,-368.1,-260.1
15.000,-368.8,-260.0
15.067,-370.0,-260.1
15.133,-372.1,-262.1
15.200,-371.0,-263.2
15.267,-370.2,-261.1
15.333,-371.7,-261.0
15.400,-374.1,-261.5
15.467,-373.3,-261.2
15.533,-371.3,-261.5
15.600,-374.8,-259.9
15.667,-373.0,-261.8
15.733,-372.6,-263.9
15.800,-373.0,-260.5
15.867,-375.0,-257.6
15.933,-376.3,-257.4
16.000,-375.5,-256.6
16.067,-380.1,-255.6
16.133,-380.0,-252.3
16.200,-381.6,-250.7
16.267,-383.7,-249.8
16.333,-385.8,-252.7
16.400,-386.4,-253.1
16.467,-384.5,-253.6
16.533,-383.9,-252.4
16.600,-382.1,-252.3
16.667,-379.0,-253.0
16.733,-377.1,-256.0
16.800,-378.3,-255.5
16.867,-381.1,-255.0
16.933,-378.9,-256.2
17.000,-378.2,-255.8
17.067,-379.9,-256.8
17.133,-377.2,-260.2
17.200,-374.1,-263.5
17.267,-373.8,-263.8
17.333,-371.7,-265.9
17.400,-370.6,-266.0
17.467,-368.9,-265.0
17.533,-368.4,-263.7
17.600,-367.6,-261.8
17.667,-367.4,-261.4
17.733,-367.4,-261.3
17.800,-367.3,-261.4
17.867,-369.1,-260.2
17.933,-370.3,-259.9
18.000,-371.6,-259.5
18.067,-372.9,-259.4
18.133,-371.5,-261.1
18.200,-372.4,-260.7
18.267,-371.8,-259.0
18.333,-369.7,-258.1
18.400,-367.1,-255.1
18.467,-365.0,-252.5
18.533,-366.4,-251.5
18.600,-366.3,-254.0
18.667,-364.7,-255.9
18.733,-362.5,-256.5
18.800,-359.5,-258.7
18.867,-357.6,-257.0
18.933,-354.8,-255.0
19.000,-351.0,-251.5
19.067,-351.8,-251.6
19.133,-350.5,-251.6
19.200,-351.5,-253.3
19.267,-348.2,-254.0
19.333,-345.4,-252.1
19.400,-342.5,-252.4
19.467,-343.5,-253.6
19.533,-346.6,-253.1
19.600,-344.6,-252.6
19.667,-340.0,-252.9
19.733,-340.4,-250.4
19.800,-340.4,-250.9
19.867,-340.2,-251.8
19.933,-340.5,-252.4
20.000,-340.9,-257.8
20.067,-341.5,-262.5
20.133,-339.2,-266.1
20.200,-337.9,-266.9
20.267,-339.3,-267.2
20.333,-340.0,-265.4
20.400,-340.7,-266.5
20.467,-337.7,-266.6
20.533,-333.7,-266.9
20.600,-332.0,-266.5
20.667,-334.1,-270.3
20.733,-337.4,-273.1
20.800,-339.3,-271.7
20.867,-341.0,-273.3
20.933,-341.5,-274.9
21.000,-339.7,-277.2
21.067,-336.9,-278.5
21.133,-334.4,-278.7
21.200,-333.6,-277.8
21.267,-333.4,-279.0
21.333,-332.1,-281.3
21.400,-330.5,-279.6
21.467,-329.4,-277.7
21.533,-329.9,-275.6
21.600,-330.3,-273.8
21.667,-333.6,-269.3
21.733,-330.5,-267.1
21.800,-333.6,-267.0
21.867,-338.2,-267.3
21.933,-340.9,-270.4
22.000,-341.8,-273.7
22.067,-343.5,-275.4
22.133,-343.6,-276.6
22.200,-345.2,-278.2
22.267,-346.9,-278.5
22.333,-348.9,-278.6
22.400,-349.0,-279.2
22.467,-347.9,-279.8
22.533,-345.3,-279.8
22.600,-345.9,-279.8
22.667,-347.6,-280.6
22.733,-348.3,-282.4
22.800,-348.0,-284.2
22.867,-350.8,-285.2
22.933,-352.8,-285.1
23.000,-353.2,-287.3
23.067,-353.3,-285.4
23.133,-352.3,-286.3
23.200,-353.7,-288.6
23.267,-353.2,-291.2
23.333,-351.7,-291.4
23.400,-352.1,-288.0
23.467,-354.7,-288.3
23.533,-357.6,-287.3
23.600,-357.5,-286.2
23.667,-355.3,-287.0
23.733,-356.4,-288.4
23.800,-356.1,-289.8
23.867,-355.4,-289.7
23.933,-356.1,-292.1
24.000,-355.0,-294.2
24.067,-350.5,-296.3
24.133,-350.2,-296.8
24.200,-352.6,-296.1
24.267,-353.7,-296.0
24.333,-349.8,-297.2
24.400,-349.4,-295.2
24.467,-349.3,-293.4
24.533,-348.4,-292.3
24.600,-347.7,-292.8
24.667,-349.2,-292.7
24.733,-351.1,-292.5
24.800,-350.2,-294.5
24.867,-349.8,-298.3
24.933,-348.2,-298.5
25.000,-348.4,-298.1
25.067,-347.2,-296.7
25.133,-345.8,-293.7
25.200,-345.4,-296.1
25.267,-346.6,-292.1
25.333,-346.4,-292.8
25.400,-347.3,-295.1
25.467,-346.8,-294.7
25.533,-344.9,-295.0
25.600,-345.0,-295.1
25.667,-345.2,-295.1
25.733,-347.0,-296.4
25.800,-345.8,-295.3
25.867,-345.0,-294.4
25.933,-346.4,-294.2
26.000,-348.8,-295.0
26.067,-348.6,-294.2
26.133,-348.6,-292.2
26.200,-350.2,-291.2
26.267,-349.2,-290.8
26.333,-345.9,-291.5
26.400,-343.8,-289.6
26.467,-345.7,-290.8
26.533,-344.4,-289.6
26.600,-343.1,-291.9
26.667,-343.9,-293.4
26.733,-343.5,-290.2
26.800,-344.6,-287.7
26.867,-340.7,-286.6
26.933,-338.4,-288.4
27.000,-336.3,-289.9
27.067,-336.3,-294.0
27.133,-336.0,-294.6
27.200,-337.7,-291.7
27.267,-338.9,-292.7
27.333,-339.0,-291.4
27.400,-338.0,-294.6
27.467,-335.2,-293.0
27.533,-336.1,-291.3
27.600,-337.9,-290.7
27.667,-337.9,-287.8
27.733,-338.9,-287.6
27.800,-338.6,-282.6
27.867,-336.5,-278.5
27.933,-330.5,-276.5
28.000,-331.9,-278.5
28.067,-331.3,-281.1
28.133,-331.6,-277.6
28.200,-331.1,-280.2
28.267,-328.8,-281.6
28.333,-325.6,-279.4
28.400,-326.7,-281.0
28.467,-328.0,-279.6
28.533,-326.3,-278.7
28.600,-328.0,-280.3
28.667,-328.6,-277.1
28.733,-327.4,-276.4
28.800,-328.3,-279.5
28.867,-327.5,-279.4
28.933,-326.7,-280.3
29.000,-330.9,-281.1
29.067,-331.3,-282.5
29.133,-330.4,-282.4
29.200,-331.0,-282.3
29.267,-332.1,-280.2
29.333,-334.0,-279.8
29.400,-334.8,-278.5
29.467,-334.5,-279.0
29.533,-333.8,-277.8
29.600,-335.6,-277.2
29.667,-337.3,-276.2
29.733,-338.6,-273.6
29.800,-341.7,-273.7
29.867,-339.7,-271.3
29.933,-337.2,-268.7
30.000,-340.0,-268.4
30.067,-341.8,-267.6
30.133,-344.1,-266.4
30.200,-343.7,-270.0
30.267,-345.3,-268.4
30.333,-349.1,-265.8
30.400,-353.1,-263.9
30.467,-349.9,-263.1
30.533,-349.0,-262.1
30.600,-348.9,-263.0
30.667,-347.3,-265.4
30.733,-345.3,-268.4
30.800,-343.0,-266.7
30.867,-340.3,-268.6
30.933,-339.1,-270.2
31.000,-340.4,-269.7
31.067,-339.9,-271.0
31.133,-336.4,-270.2
31.200,-336.4,-267.6
31.267,-333.9,-267.9
31.333,-331.5,-266.7
31.400,-332.6,-265.6
31.467,-337.7,-264.2
31.533,-336.3,-262.3
31.600,-336.2,-261.3
31.667,-336.4,-261.0
31.733,-335.9,-262.6
31.800,-335.9,-262.2
31.867,-334.9,-260.8
31.933,-335.9,-259.1
32.000,-334.5,-259.8
32.067,-334.3,-257.7
32.133,-335.2,-255.9
32.200,-336.2,-254.4
32.267,-335.0,-258.1
32.333,-334.4,-257.5
32.400,-335.5,-256.5
32.467,-336.6,-254.8
32.533,-336.1,-255.0
32.600,-334.2,-255.1
32.667,-329.1,-252.1
32.733,-328.5,-251.8
32.800,-331.1,-253.6
32.867,-331.8,-252.4
32.933,-331.2,-254.3
33.000,-327.1,-259.4
33.067,-325.8,-260.5
33.133,-324.5,-259.4
33.200,-323.8,-263.2
33.267,-325.2,-266.1
33.333,-325.5,-267.2
33.400,-325.2,-270.2
33.467,-323.5,-275.1
33.533,-324.9,-274.1
33.600,-322.7,-277.2
33.667,-323.0,-278.8
33.733,-325.1,-279.3
33.800,-328.7,-279.1
33.867,-326.4,-283.3
33.933,-326.5,-283.7
34.000,-326.5,-282.1
34.067,-331.6,-278.6
34.133,-331.5,-277.8
34.200,-330.3,-280.4
34.267,-329.5,-277.5
34.333,-326.8,-276.9
34.400,-325.7,-278.7
34.467,-323.1,-274.8
34.533,-322.7,-273.6
34.600,-324.5,-270.8
34.667,-320.1,-272.0
34.733,-318.7,-273.7
34.800,-322.1,-273.9
34.867,-321.7,-277.2
34.933,-318.3,-278.7
35.000,-316.2,-276.2
35.067,-315.4,-274.2
35.133,-315.5,-271.7
35.200,-316.9,-270.1
35.267,-321.3,-271.9
35.333,-321.9,-272.9
35.400,-319.7,-272.8
35.467,-321.5,-273.6
35.533,-323.1,-274.0
35.600,-322.2,-275.9
35.667,-323.6,-276.2
35.733,-327.4,-274.5
35.800,-326.8,-275.5
35.867,-326.2,-274.1
35.933,-327.7,-274.3
36.000,-329.9,-275.8
36.067,-332.2,-276.2
36.133,-330.4,-273.2
36.200,-331.3,-271.8
36.267,-334.0,-270.2
36.333,-334.4,-270.1
36.400,-336.7,-272.5
36.467,-336.5,-271.9
36.533,-336.9,-271.2
36.600,-340.7,-272.5
36.667,-341.8,-274.4
36.733,-341.0,-275.5
36.800,-342.6,-276.8
36.867,-341.1,-279.2
36.933,-339.6,-278.5
37.000,-338.6,-279.5
37.067,-335.3,-282.1
37.133,-337.8,-284.6
37.200,-337.9,-284.6
37.267,-335.9,-285.9
37.333,-335.1,-283.7
37.400,-334.2,-284.3
37.467,-338.1,-281.7
37.533,-340.0,-281.5
37.600,-339.8,-279.6
37.667,-340.3,-284.0
37.733,-340.7,-281.8
37.800,-340.4,-281.5
37.867,-343.7,-285.1
37.933,-345.9,-289.4
38.000,-345.1,-290.5
38.067,-346.8,-287.9
38.133,-343.9,-286.1
38.200,-342.4,-283.6
38.267,-340.4,-283.7
38.333,-338.6,-284.7
38.400,-338.5,-280.3
38.467,-338.4,-282.6
38.533,-340.0,-283.5
38.600,-336.7,-284.6
38.667,-345.5,-281.5
38.733,-336.0,-280.5
38.800,-340.5,-271.5
38.867,-342.4,-272.9
38.933,-342.9,-275.4
39.000,-342.1,-273.8
39.067,-341.4,-272.1
39.133,-342.4,-270.1
39.200,-342.7,-270.7
39.267,-341.9,-271.5
39.333,-341.5,-269.9
39.400,-338.5,-269.1
39.467,-337.1,-270.2
39.533,-336.6,-270.1
39.600,-339.5,-271.5
39.667,-338.3,-274.0
39.733,-339.2,-274.4
39.800,-337.6,-275.6
39.867,-338.4,-276.3
39.933,-339.0,-275.8
40.000,-339.6,-271.2
40.067,-342.5,-268.0
40.133,-344.8,-270.4
40.200,-344.8,-274.0
40.267,-341.6,-272.6
40.333,-342.2,-273.0
40.400,-345.1,-276.1
40.467,-348.4,-276.1
40.533,-348.4,-276.5
40.600,-348.9,-274.9
40.667,-345.8,-275.8
40.733,-344.6,-275.8
40.800,-341.6,-274.2
40.867,-340.8,-276.1
40.933,-339.5,-279.0
41.000,-342.9,-280.2
41.067,-342.8,-282.5
41.133,-341.5,-283.6
41.200,-344.2,-287.2
41.267,-345.0,-288.7
41.333,-345.7,-290.7
41.400,-344.8,-294.8
41.467,-343.9,-295.5
41.533,-345.5,-295.4
41.600,-347.1,-295.8
41.667,-344.8,-300.1
41.733,-343.5,-305.3
41.800,-343.2,-304.2
41.867,-345.3,-304.1
41.933,-349.2,-304.0
42.000,-351.2,-303.8
42.067,-350.9,-305.5
42.133,-350.0,-306.0
42.200,-351.4,-308.1
42.267,-351.6,-306.0
42.333,-351.8,-305.2
42.400,-350.2,-304.0
42.467,-350.5,-301.6
42.533,-353.3,-302.1
42.600,-352.7,-303.1
42.667,-354.2,-303.4
42.733,-358.5,-300.6
42.800,-358.5,-299.5
42.867,-357.6,-299.2
42.933,-356.3,-298.4
43.000,-356.8,-305.3
43.067,-356.1,-303.8
43.133,-359.1,-303.3
43.200,-360.8,-307.1
43.267,-356.6,-308.9
43.333,-357.9,-310.7
43.400,-361.0,-310.7
43.467,-361.0,-309.3
43.533,-360.1,-308.5
43.600,-358.2,-310.0
43.667,-355.9,-310.4
43.733,-356.1,-313.3
43.800,-357.4,-314.2
43.867,-360.8,-316.8
43.933,-360.9,-318.2
44.000,-365.5,-317.6
44.067,-370.4,-321.2
44.133,-371.3,-320.9
44.200,-373.9,-321.9
44.267,-377.6,-320.6
44.333,-378.2,-317.5
44.400,-376.6,-317.5
44.467,-376.4,-318.6
44.533,-377.2,-318.9
44.600,-374.6,-320.0
44.667,-372.9,-320.4
44.733,-370.2,-321.6
44.800,-365.0,-321.9
44.867,-364.8,-322.1
44.933,-365.5,-319.8
45.000,-364.5,-322.2
45.067,-362.2,-324.0
45.133,-360.7,-323.9
45.200,-356.7,-323.2
45.267,-355.4,-323.5
45.333,-354.9,-324.0
45.400,-353.5,-323.9
45.467,-356.6,-324.5
45.533,-358.7,-324.8
45.600,-355.2,-324.9
45.667,-354.8,-327.0
45.733,-355.1,-326.7
45.800,-358.8,-325.9
45.867,-360.6,-323.7
45.933,-360.2,-320.7
46.000,-359.2,-319.5
46.067,-354.7,-318.3
46.133,-352.5,-318.5
46.200,-350.7,-323.3
46.267,-352.5,-323.2
46.333,-353.8,-324.4
46.400,-357.2,-326.4
46.467,-354.3,-326.1
46.533,-359.0,-333.5
46.600,-362.3,-338.1
46.667,-369.0,-343.0
46.733,-370.1,-344.4
46.800,-369.1,-343.3
46.867,-369.0,-341.5
46.933,-370.9,-341.8
47.000,-371.2,-341.6
47.067,-370.0,-340.0
47.133,-372.3,-339.6
47.200,-371.4,-338.8
47.267,-368.9,-339.2
47.333,-370.8,-340.3
47.400,-372.0,-340.0
47.467,-374.0,-341.2
47.533,-375.5,-336.5
47.600,-378.4,-337.5
47.667,-378.1,-337.0
47.733,-375.8,-335.5
47.800,-372.7,-334.4
47.867,-372.2,-333.7
47.933,-372.3,-332.2
48.000,-371.3,-328.5
48.067,-369.1,-330.2
48.133,-367.1,-330.5
48.200,-371.1,-328.5
48.267,-371.9,-328.8
48.333,-373.2,-328.0
48.400,-373.2,-327.8
48.467,-374.6,-327.9
48.533,-374.3,-328.9
48.600,-377.9,-331.1
48.667,-380.6,-332.6
48.733,-381.3,-332.5
48.800,-382.5,-331.5
48.867,-385.8,-335.5
48.933,-386.8,-339.8
49.000,-386.1,-336.9
49.067,-386.1,-334.6
49.133,-386.4,-335.5
49.200,-388.1,-333.9
49.267,-386.0,-333.5
49.333,-382.2,-332.2
49.400,-384.5,-331.8
49.467,-386.2,-331.1
49.533,-384.0,-332.7
49.600,-381.1,-331.7
49.667,-380.7,-330.8
49.733,-383.4,-333.7
49.800,-384.1,-334.9
49.867,-385.3,-334.6
49.933,-386.7,-335.1
50.000,-387.9,-332.5
50.067,-388.8,-330.3
50.133,-388.1,-329.9
50.200,-384.7,-327.4
50.267,-384.4,-327.3
50.333,-386.1,-327.5
50.400,-385.5,-327.4
50.467,-384.3,-327.5
50.533,-383.7,-324.8
50.600,-381.5,-324.5
50.667,-382.2,-326.0
50.733,-380.7,-326.8
50.800,-379.4,-325.5
50.867,-377.1,-324.2
50.933,-375.8,-322.1
51.000,-375.8,-323.1
51.067,-373.6,-323.6
51.133,-372.5,-323.7
51.200,-372.2,-325.3
51.267,-373.0,-323.6
51.333,-372.7,-324.5
51.400,-370.3,-323.6
51.467,-370.0,-324.7
51.533,-372.2,-322.5
51.600,-370.5,-321.4
51.667,-365.5,-323.8
51.733,-363.9,-325.1
51.800,-361.3,-325.2
51.867,-361.4,-323.6
51.933,-361.1,-327.7
52.000,-362.3,-329.4
52.067,-364.2,-328.3
52.133,-365.3,-324.5
52.200,-365.2,-325.7
52.267,-366.9,-327.1
52.333,-365.1,-324.7
52.400,-367.4,-324.3
52.467,-367.1,-322.4
52.533,-366.7,-322.4
52.600,-364.3,-325.2
52.667,-360.3,-323.5
52.733,-359.2,-321.4
52.800,-362.0,-314.5
52.867,-363.3,-314.1
52.933,-364.0,-315.6
53.000,-361.3,-318.5
53.067,-357.0,-334.5
53.133,-361.0,-329.0
53.200,-361.2,-329.6
53.267,-363.5,-331.4
53.333,-362.9,-330.8
53.400,-363.7,-328.5
53.467,-364.1,-324.9
53.533,-363.0,-325.5
53.600,-364.4,-325.9
53.667,-361.6,-325.2
53.733,-359.0,-327.0
53.800,-355.2,-324.5
53.867,-356.2,-324.4
53.933,-355.9,-320.3
54.000,-355.2,-321.4
54.067,-358.1,-320.6
54.133,-356.7,-322.3
54.200,-356.2,-321.7
54.267,-357.0,-317.4
54.333,-355.1,-321.9
54.400,-354.2,-326.7
54.467,-352.2,-327.4
54.533,-352.4,-326.8
54.600,-353.3,-327.0
54.667,-351.3,-323.5
54.733,-347.9,-323.2
54.800,-348.2,-326.4
54.867,-345.3,-328.5
54.933,-347.7,-327.2
55.000,-353.7,-326.1
55.067,-354.8,-326.1
55.133,-352.0,-327.6
55.200,-349.8,-328.6
55.267,-347.6,-327.2
55.333,-347.2,-327.5
55.400,-351.8,-326.9
55.467,-354.3,-328.7
55.533,-357.7,-329.3
55.600,-358.0,-330.0
55.667,-358.1,-328.1
55.733,-356.6,-329.2
55.800,-356.8,-329.0
55.867,-354.7,-330.0
55.933,-352.5,-331.5
56.000,-346.5,-334.5
56.067,-349.4,-336.1
56.133,-348.5,-336.5
56.200,-348.8,-335.5
56.267,-349.2,-336.1
56.333,-347.6,-334.5
56.400,-344.3,-332.9
56.467,-351.0,-333.5
56.533,-352.9,-332.7
56.600,-354.0,-333.3
56.667,-353.0,-335.3
56.733,-351.5,-334.2
56.800,-349.7,-333.8
56.867,-349.3,-333.8
56.933,-350.0,-330.7
57.000,-350.8,-328.8
57.067,-353.0,-330.2
57.133,-353.2,-331.0
57.200,-353.0,-331.0
57.267,-355.1,-327.5
57.333,-355.1,-327.9
57.400,-354.7,-326.3
57.467,-357.1,-327.0
57.533,-355.2,-330.1
57.600,-355.2,-331.2
57.667,-356.8,-331.8
57.733,-358.3,-330.2
57.800,-359.7,-327.2
57.867,-357.6,-329.0
57.933,-355.6,-329.7
58.000,-352.1,-331.2
58.067,-351.7,-329.1
58.133,-354.7,-326.0
58.200,-355.0,-325.2
58.267,-355.7,-329.3
58.333,-356.3,-330.8
58.400,-356.7,-330.1
58.467,-354.5,-330.6
58.533,-352.5,-333.1
58.600,-353.7,-330.2
58.667,-353.4,-328.2
58.733,-353.1,-329.3
58.800,-355.1,-330.2
58.867,-354.2,-329.9
58.933,-351.3,-330.7
59.000,-351.4,-333.6
59.067,-351.5,-336.5
59.133,-351.8,-336.9
59.200,-353.5,-338.5
59.267,-353.4,-339.9
59.333,-355.5,-338.7
59.400,-355.5,-332.0
59.467,-358.4,-328.0
59.533,-359.4,-328.2
59.600,-357.2,-328.9
59.667,-355.7,-329.7
59.733,-353.9,-330.6
59.800,-352.1,-332.1
59.867,-350.7,-333.3
59.933,-352.6,-333.8
60.000,-352.9,-332.6
60.067,-351.5,-334.6
60.133,-347.5,-342.5
60.200,-346.5,-342.3
60.267,-345.0,-342.0
60.333,-343.1,-339.9
60.400,-342.0,-334.5
60.467,-344.7,-336.1
60.533,-342.9,-334.3
60.600,-345.0,-330.5
60.667,-349.5,-325.0
60.733,-352.2,-327.2
60.800,-356.7,-326.8
60.867,-356.4,-327.4
60.933,-358.8,-326.7
61.000,-361.5,-325.8
61.067,-364.6,-323.5
61.133,-365.1,-325.4
61.200,-368.1,-324.4
61.267,-372.7,-324.4
61.333,-373.6,-323.7
61.400,-372.3,-324.3
61.467,-373.8,-325.8
61.533,-370.6,-326.2
61.600,-372.4,-327.6
61.667,-372.6,-326.0
61.733,-371.3,-326.5
61.800,-370.1,-329.4
61.867,-369.4,-330.7
61.933,-368.7,-331.9
62.000,-371.4,-333.5
62.067,-373.4,-331.1
62.133,-374.2,-331.1
62.200,-376.6,-331.9
62.267,-379.6,-330.6
62.333,-375.8,-330.7
62.400,-373.3,-331.2
62.467,-372.4,-331.2
62.533,-373.5,-332.2
62.600,-374.9,-332.6
62.667,-375.2,-337.3
62.733,-374.4,-338.3
62.800,-374.2,-341.3
62.867,-375.5,-344.0
62.933,-376.5,-341.9
63.000,-378.5,-339.0
63.067,-378.6,-342.8
63.133,-379.5,-344.3
63.200,-381.5,-345.2
63.267,-382.5,-346.6
63.333,-383.3,-346.3
63.400,-380.6,-343.0
63.467,-380.5,-342.1
63.533,-377.7,-340.7
63.600,-377.6,-338.0
63.667,-379.4,-335.8
63.733,-378.7,-335.1
63.800,-379.0,-338.4
63.867,-381.1,-340.4
63.933,-384.9,-342.6
64.000,-387.2,-344.1
64.067,-384.2,-342.4
64.133,-387.5,-343.7
64.200,-389.8,-344.8
64.267,-386.3,-348.1
64.333,-388.5,-349.5
64.400,-387.2,-350.5
64.467,-386.7,-353.0
64.533,-387.7,-352.2
64.600,-386.4,-349.4
64.667,-385.5,-348.8
64.733,-382.9,-348.7
64.800,-381.5,-349.2
64.867,-378.6,-349.1
64.933,-379.6,-351.0
65.000,-378.8,-351.8
65.067,-378.3,-352.1
65.133,-378.5,-352.0
65.200,-380.5,-354.1
65.267,-381.7,-355.5
65.333,-379.3,-353.2
65.400,-376.6,-352.2
65.467,-375.6,-355.1
65.533,-377.5,-355.0
65.600,-378.5,-354.1
65.667,-386.0,-364.0
65.733,-386.1,-363.8
65.800,-384.7,-363.5
65.867,-385.8,-363.0
65.933,-381.7,-361.8
66.000,-382.1,-361.5
66.067,-386.0,-360.0
66.133,-385.1,-361.0
66.200,-382.5,-361.5
66.267,-379.0,-359.6
66.333,-380.5,-355.5
66.400,-378.9,-354.7
66.467,-378.8,-351.7
66.533,-376.0,-349.5
66.600,-375.1,-349.4
66.667,-374.8,-348.0
66.733,-374.9,-350.0
66.800,-375.7,-349.4
66.867,-375.3,-350.9
66.933,-374.6,-350.2
67.000,-373.6,-347.4
67.067,-371.0,-345.0
67.133,-370.7,-345.2
67.200,-372.6,-348.2
67.267,-370.5,-351.5
67.333,-370.7,-351.5
67.400,-369.5,-358.0
67.467,-370.4,-356.8
67.533,-370.3,-357.6
67.600,-369.9,-357.4
67.667,-370.0,-357.6
67.733,-368.5,-363.5
67.800,-369.8,-364.8
67.867,-370.8,-364.7
67.933,-369.2,-361.5
68.000,-363.5,-359.0
68.067,-374.5,-343.0
68.133,-373.0,-346.1
68.200,-369.5,-343.0
68.267,-368.5,-341.0
68.333,-368.3,-341.5
68.400,-368.5,-342.2
68.467,-370.2,-344.2
68.533,-370.0,-348.5
68.600,-370.0,-347.0
68.667,-367.0,-342.0
68.733,-367.1,-341.0
68.800,-368.5,-341.5
68.867,-369.5,-342.8
68.933,-372.3,-344.3
69.000,-377.5,-338.5
69.067,-379.7,-341.1
69.133,-381.7,-344.8
69.200,-382.3,-344.5
69.267,-382.6,-342.7
69.333,-383.6,-338.1
69.400,-382.0,-331.6
69.467,-382.7,-331.0
69.533,-385.0,-331.2
69.600,-388.2,-330.2
69.667,-389.0,-331.5
69.733,-388.2,-334.8
69.800,-390.0,-334.3
69.867,-392.6,-334.9
69.933,-392.3,-332.6
70.000,-390.5,-331.9
70.067,-394.1,-332.7
70.133,-391.5,-330.0
70.200,-390.3,-325.8
70.267,-389.3,-325.2
70.333,-389.5,-327.5
70.400,-388.5,-328.6
70.467,-385.3,-325.8
70.533,-386.6,-326.5
70.600,-387.9,-331.1
70.667,-390.2,-330.8
70.733,-391.6,-332.9
70.800,-396.4,-332.0
70.867,-398.3,-334.7
70.933,-382.5,-337.0
71.000,-383.2,-337.3
71.067,-382.3,-339.4
71.133,-380.7,-337.6
71.200,-380.0,-333.6
71.267,-383.6,-333.0
71.333,-386.5,-330.1
71.400,-385.9,-327.7
71.467,-384.4,-330.2
71.533,-386.5,-331.0
71.600,-383.6,-332.8
71.667,-383.6,-334.1
71.733,-384.3,-335.3
71.800,-384.2,-337.4
71.867,-383.5,-337.2
71.933,-381.8,-337.6
72.000,-379.5,-338.1
72.067,-378.9,-338.7
72.133,-376.2,-337.4
72.200,-375.5,-338.0
72.267,-377.2,-341.5
72.333,-377.6,-342.8
72.400,-376.2,-342.5
72.467,-378.9,-341.5
72.533,-378.5,-342.9
72.600,-379.4,-343.0
72.667,-379.6,-344.2
72.733,-380.3,-342.9
72.800,-378.6,-341.9
72.867,-378.3,-342.3
72.933,-376.4,-343.5
73.000,-376.1,-349.4
73.067,-375.4,-351.7
73.133,-374.5,-354.0
73.200,-374.9,-354.7
73.267,-375.6,-351.8
73.333,-376.2,-351.0
73.400,-376.6,-351.9
73.467,-376.4,-355.5
73.533,-377.2,-357.3
73.600,-377.7,-353.8
73.667,-377.4,-352.9
73.733,-376.4,-356.0
73.800,-375.1,-359.1
73.867,-374.5,-358.1
73.933,-374.6,-355.7
74.000,-375.3,-352.3
74.067,-375.3,-351.3
74.133,-375.4,-352.0
74.200,-376.3,-353.8
74.267,-376.3,-356.1
74.333,-376.7,-358.9
74.400,-378.6,-359.9
74.467,-378.5,-359.9
74.533,-378.2,-359.4
74.600,-379.3,-362.1
74.667,-382.5,-363.9
74.733,-382.0,-362.7
74.800,-381.8,-364.8
74.867,-384.4,-367.1
74.933,-384.9,-366.6
75.000,-385.6,-365.8
75.067,-385.6,-366.1
75.133,-385.6,-366.0
75.200,-388.5,-367.7
75.267,-386.7,-366.9
75.333,-385.5,-366.2
75.400,-385.6,-367.5
75.467,-384.6,-368.0
75.533,-381.4,-367.2
75.600,-381.7,-367.7
75.667,-381.6,-366.8
75.733,-381.7,-365.8
75.800,-381.5,-365.4
75.867,-379.6,-364.8
75.933,-381.6,-365.1
76.000,-405.7,-353.4
76.067,-407.7,-356.1
76.133,-404.8,-360.1
76.200,-402.6,-364.1
76.267,-400.8,-366.1
76.333,-376.7,-382.0
76.400,-375.5,-382.2
76.467,-376.5,-383.4
76.533,-377.6,-387.1
76.600,-379.6,-390.2
76.667,-380.3,-388.5
76.733,-376.6,-386.4
76.800,-374.5,-390.6
76.867,-373.8,-392.1
76.933,-374.4,-394.3
77.000,-374.6,-393.1
77.067,-373.5,-392.4
77.133,-374.5,-392.9
77.200,-376.7,-393.7
77.267,-379.6,-392.2
77.333,-379.4,-391.9
77.400,-379.5,-392.7
77.467,-378.3,-396.6
77.533,-377.8,-396.7
77.600,-375.5,-398.4
77.667,-373.9,-397.9
77.733,-375.7,-397.8
77.800,-376.7,-397.2
77.867,-378.6,-400.1
77.933,-378.6,-397.6
78.000,-382.0,-398.8
78.067,-381.9,-400.8
78.133,-380.6,-405.0
78.200,-380.4,-406.2
78.267,-380.7,-408.4
78.333,-381.3,-411.4
78.400,-377.7,-411.4
78.467,-378.6,-412.3
78.533,-378.7,-410.9
78.600,-378.1,-409.4
78.667,-381.6,-409.8
78.733,-381.5,-410.3
78.800,-377.6,-409.9
78.867,-373.5,-410.1
78.933,-375.6,-412.0
79.000,-374.5,-412.1
79.067,-374.8,-410.8
79.133,-376.8,-410.9
79.200,-376.8,-409.8
79.267,-379.4,-410.6
79.333,-382.3,-413.2
79.400,-405.5,-400.5
79.467,-403.4,-398.7
79.533,-404.7,-398.4
79.600,-405.0,-400.1
79.667,-405.1,-401.8
79.733,-406.1,-401.7
79.800,-408.9,-401.7
79.867,-409.9,-402.5
79.933,-408.3,-406.8
80.000,-410.2,-409.7
80.067,-409.2,-409.5
80.133,-408.6,-410.4
80.200,-409.3,-409.4
80.267,-409.3,-408.4
80.333,-409.9,-408.6
80.400,-413.9,-410.3
80.467,-414.6,-411.7
80.533,-413.4,-410.5
80.600,-412.6,-409.5
80.667,-413.5,-408.3
80.733,-415.8,-409.2
80.800,-416.3,-409.3
80.867,-413.4,-409.5
80.933,-413.3,-406.8
81.000,-411.1,-402.4
81.067,-408.2,-401.4
81.133,-410.0,-401.6
81.200,-411.8,-404.4
81.267,-411.1,-405.5
81.333,-413.2,-403.5
81.400,-414.4,-402.6
81.467,-413.1,-403.6
81.533,-414.1,-401.9
81.600,-415.4,-401.5
81.667,-416.4,-400.2
81.733,-416.6,-400.1
81.800,-416.3,-400.9
81.867,-413.6,-403.4
81.933,-408.7,-402.3
82.000,-407.0,-402.5
82.067,-406.1,-398.6
82.133,-404.1,-397.5
82.200,-402.1,-397.5
82.267,-401.9,-396.2
82.333,-403.9,-398.6
82.400,-403.3,-396.6
82.467,-404.7,-393.4
82.533,-405.2,-393.8
82.600,-408.8,-394.6
82.667,-406.2,-392.7
82.733,-403.7,-389.7
82.800,-406.3,-390.3
82.867,-405.9,-392.0
82.933,-405.6,-395.2
83.000,-404.6,-397.8
83.067,-404.4,-395.6
83.133,-409.0,-397.3
83.200,-408.4,-400.3
83.267,-408.9,-404.1
83.333,-409.5,-406.7
83.400,-409.5,-409.4
83.467,-411.1,-411.6
83.533,-401.5,-414.0
83.600,-400.6,-415.0
83.667,-398.1,-414.9
83.733,-405.0,-417.0
83.800,-401.0,-418.6
83.867,-399.3,-419.5
83.933,-397.9,-418.0
84.000,-399.1,-417.8
84.067,-399.7,-418.1
84.133,-398.6,-418.2
84.200,-397.2,-418.6
84.267,-396.2,-419.2
84.333,-395.5,-428.0
84.400,-395.1,-428.3
84.467,-395.5,-439.0
84.533,-388.5,-442.0
84.600,-388.3,-442.6
84.667,-388.5,-443.9
84.733,-388.1,-442.8
84.800,-388.2,-445.0
84.867,-387.7,-446.2
84.933,-387.0,-450.0
85.000,-388.5,-448.5
85.067,-388.1,-450.0
85.133,-382.5,-457.5
85.200,-382.7,-458.0
85.267,-381.8,-460.1
85.333,-380.6,-460.6
85.400,-378.5,-464.0
85.467,-367.3,-440.6
85.533,-365.6,-440.7
85.600,-377.4,-461.6
85.667,-374.3,-463.6
85.733,-374.5,-463.2
85.800,-375.6,-463.3
85.867,-374.8,-464.0
85.933,-374.9,-463.1
86.000,-375.3,-462.1
86.067,-374.1,-463.0
86.133,-370.7,-467.1
86.200,-371.0,-467.2
86.267,-371.2,-467.0
86.333,-372.1,-468.3
86.400,-367.9,-440.5
86.467,-367.9,-440.3
86.533,-367.5,-440.0
86.600,-366.6,-439.8
86.667,-366.7,-439.8
86.733,-376.7,-464.2
86.800,-377.7,-460.9
86.867,-383.0,-453.5
86.933,-382.6,-454.2
87.000,-381.9,-453.5
87.067,-383.4,-451.0
87.133,-382.6,-452.1
87.200,-382.5,-452.1
87.267,-383.0,-452.6
87.333,-382.7,-452.3
87.400,-384.0,-453.7
87.467,-382.3,-454.9
87.533,-382.2,-454.6
87.600,-383.1,-451.6
87.667,-382.9,-451.6
87.733,-382.2,-451.6
87.800,-383.0,-452.5
87.867,-383.1,-453.2
87.933,-383.8,-451.2
88.000,-383.4,-452.5
88.067,-381.8,-451.5
88.133,-383.9,-451.2
88.200,-382.0,-452.5
88.267,-381.4,-452.8
88.333,-380.4,-449.8
88.400,-379.1,-449.9
88.467,-380.0,-448.0
88.533,-380.9,-448.3
88.600,-382.1,-449.6
88.667,-382.0,-444.5
88.733,-383.5,-444.3
88.800,-384.5,-444.5
88.867,-384.6,-444.5
88.933,-386.0,-443.0
89.000,-386.5,-442.5
89.067,-387.5,-445.5
89.133,-387.2,-445.2
89.200,-386.6,-444.8
89.267,-383.5,-447.5
89.333,-383.5,-447.9
89.400,-383.5,-447.1
89.467,-382.6,-447.2
89.533,-384.3,-449.5
89.600,-384.0,-450.0
89.667,-382.4,-451.0
89.733,-382.4,-450.5
89.800,-380.5,-442.0
89.867,-379.2,-442.3
89.933,-379.8,-442.0
90.000,-380.5,-441.7
90.067,-380.3,-441.9
90.133,-380.5,-441.6
90.200,-382.5,-446.0
90.267,-377.0,-451.0
90.333,-359.0,-459.9
90.400,-359.2,-460.8
90.467,-378.0,-454.5
90.533,-380.2,-454.8
90.600,-378.0,-457.5
90.667,-375.8,-456.4
90.733,-377.9,-456.6
90.800,-372.5,-456.5
90.867,-374.6,-457.1
90.933,-376.8,-458.6
91.000,-376.0,-456.5
91.067,-378.6,-455.5
91.133,-380.1,-456.5
91.200,-382.3,-456.7
91.267,-382.6,-456.2
91.333,-382.7,-455.2
91.400,-382.9,-455.2
91.467,-383.6,-454.2
91.533,-384.6,-455.4
91.600,-384.1,-455.6
91.667,-384.5,-456.1
91.733,-383.8,-456.2
91.800,-383.3,-455.7
91.867,-382.2,-456.5
91.933,-380.4,-457.9
92.000,-379.9,-458.3
92.067,-379.1,-458.9
92.133,-378.3,-458.5
92.200,-374.8,-459.6
92.267,-371.8,-458.2
92.333,-370.6,-457.1
92.400,-374.5,-460.6
92.467,-377.5,-459.8
92.533,-379.7,-457.5
92.600,-376.2,-459.7
92.667,-374.5,-459.9
92.733,-378.5,-459.0
92.800,-376.1,-460.3
92.867,-377.5,-459.3
92.933,-378.0,-460.0
93.000,-378.2,-460.8
93.067,-377.4,-459.9
93.133,-378.9,-459.8
93.200,-378.2,-459.7
93.267,-377.9,-459.1
93.333,-373.9,-461.4
93.400,-375.1,-461.8
93.467,-375.3,-461.8
93.533,-377.9,-460.7
93.600,-380.0,-460.1
93.667,-381.2,-459.0
93.733,-382.1,-459.9
93.800,-383.0,-459.0
93.867,-382.1,-458.9
93.933,-381.8,-459.6
94.000,-381.8,-459.1
94.067,-383.7,-457.6
94.133,-384.4,-457.9
94.200,-385.5,-457.6
94.267,-385.7,-457.2
94.333,-386.5,-456.7
94.400,-386.8,-456.1
94.467,-385.9,-456.6
94.533,-384.0,-457.8
94.600,-381.6,-459.2
94.667,-379.9,-460.8
94.733,-379.6,-461.6
94.800,-380.4,-461.1
94.867,-381.1,-461.5
94.933,-380.4,-461.8
95.000,-379.3,-462.0
95.067,-377.8,-462.7
95.133,-377.0,-462.2
95.200,-375.8,-461.5
95.267,-375.9,-461.8
95.333,-378.1,-461.0
95.400,-378.7,-460.3
95.467,-379.8,-460.7
95.533,-377.6,-461.8
95.600,-379.9,-460.6
95.667,-379.7,-460.7
95.733,-378.1,-461.1
95.800,-378.8,-460.9
95.867,-379.8,-460.8
95.933,-379.4,-461.5
96.000,-378.1,-462.3
96.067,-376.3,-463.3
96.133,-377.1,-462.8
96.200,-377.9,-463.5
96.267,-375.1,-464.3
96.333,-376.1,-463.7
96.400,-377.9,-462.8
96.467,-377.8,-462.7
96.533,-380.1,-461.2
96.600,-378.8,-461.7
96.667,-375.5,-462.9
96.733,-372.7,-463.6
96.800,-372.6,-463.2
96.867,-373.4,-463.9
96.933,-371.7,-464.9
97.000,-368.0,-467.1
97.067,-366.7,-466.4
97.133,-367.9,-466.7
97.200,-369.8,-467.9
97.267,-372.6,-468.2
97.333,-372.3,-467.3
97.400,-371.6,-467.4
97.467,-369.4,-469.8
97.533,-369.8,-469.4
97.600,-370.3,-466.9
97.667,-369.2,-464.5
97.733,-368.0,-463.9
97.800,-368.7,-464.1
97.867,-369.9,-465.2
97.933,-369.7,-464.5
98.000,-369.5,-465.6
98.067,-369.5,-467.5
98.133,-368.9,-469.9
98.200,-364.0,-478.5
98.267,-361.7,-478.4
98.333,-362.1,-478.8
98.400,-365.1,-478.8
98.467,-364.1,-478.0
98.533,-361.1,-467.5
98.600,-361.0,-477.7
98.667,-361.6,-478.4
98.733,-362.6,-478.2
98.800,-365.7,-477.7
98.867,-363.9,-477.8
98.933,-364.4,-477.8
99.000,-362.3,-478.4
99.067,-360.2,-478.1
99.133,-359.1,-477.3
99.200,-358.2,-477.8
99.267,-358.4,-477.4
99.333,-359.1,-478.3
99.400,-357.8,-477.3
99.467,-358.4,-477.7
99.533,-360.9,-466.0
99.600,-360.3,-465.4
99.667,-360.1,-466.3
99.733,-357.7,-477.5
99.800,-328.7,-476.5
99.867,-363.7,-477.0
99.933,-364.1,-478.7
100.000,-360.7,-479.4
100.067,-358.7,-478.8
100.133,-359.3,-478.5
100.200,-360.4,-478.4
100.267,-360.7,-479.5
100.333,-363.6,-467.8
100.400,-363.6,-467.8
100.467,-364.9,-467.9
100.533,-363.9,-468.0
100.600,-362.7,-479.2
100.667,-363.0,-479.6
100.733,-363.3,-468.1
100.800,-367.2,-478.5
100.867,-367.2,-480.0
100.933,-367.1,-482.5
101.000,-365.0,-482.9
101.067,-367.4,-481.2
101.133,-366.9,-484.3
101.200,-367.2,-485.0
101.267,-367.1,-485.2
101.333,-366.9,-485.2
101.400,-369.2,-484.3
101.467,-369.8,-485.0
101.533,-371.1,-486.5
101.600,-368.0,-488.0
101.667,-366.8,-491.7
101.733,-367.0,-489.6
101.800,-368.4,-486.3
101.867,-368.2,-486.2
101.933,-368.0,-489.7
102.000,-368.1,-489.3
102.067,-367.7,-489.2
102.133,-367.8,-486.9
102.200,-369.4,-486.0
102.267,-371.3,-484.1
102.333,-371.0,-487.3
102.400,-370.0,-491.2
102.467,-369.6,-493.0
102.533,-369.4,-491.5
102.600,-370.1,-489.8
102.667,-370.2,-487.8
102.733,-370.0,-488.4
102.800,-369.7,-489.0
102.867,-370.3,-488.4
102.933,-373.7,-488.8
103.000,-373.1,-487.7
103.067,-372.9,-489.0
103.133,-374.2,-488.6
103.200,-373.3,-488.8
103.267,-372.2,-487.7
103.333,-372.0,-488.3
103.400,-370.9,-489.5
103.467,-368.1,-494.0
103.533,-366.3,-496.0
103.600,-367.0,-496.0
103.667,-366.0,-496.3
103.733,-366.0,-495.6
103.800,-367.1,-495.7
103.867,-365.3,-495.6
103.933,-365.3,-494.1
104.000,-365.3,-492.4
104.067,-364.6,-493.8
104.133,-365.4,-492.1
104.200,-363.0,-492.6
104.267,-362.9,-492.6
104.333,-363.2,-492.2
104.400,-360.4,-491.7
104.467,-360.4,-491.5
104.533,-361.3,-491.0
104.600,-361.6,-492.9
104.667,-361.3,-492.1
104.733,-359.8,-492.7
104.800,-359.9,-492.5
104.867,-360.1,-491.8
104.933,-358.9,-492.6
105.000,-357.2,-492.6
105.067,-355.0,-496.9
105.133,-355.3,-494.3
105.200,-353.2,-496.1
105.267,-353.1,-498.4
105.333,-352.0,-497.2
105.400,-350.9,-498.9
105.467,-352.0,-502.5
105.533,-352.0,-501.7
105.600,-353.1,-501.5
105.667,-353.9,-498.7
105.733,-353.1,-498.8
105.800,-351.8,-503.6
105.867,-351.8,-500.9
105.933,-352.0,-498.3
106.000,-351.1,-497.3
106.067,-353.1,-496.1
106.133,-355.1,-493.5
106.200,-355.0,-492.7
106.267,-354.3,-494.1
106.333,-351.0,-495.7
106.400,-349.0,-493.7
106.467,-350.9,-493.5
106.533,-349.9,-495.7
106.600,-350.9,-496.6
106.667,-351.1,-496.8
106.733,-350.8,-496.6
106.800,-350.9,-495.4
106.867,-351.0,-495.3
106.933,-350.9,-491.4
107.000,-350.1,-492.3
107.067,-349.9,-493.6
107.133,-350.1,-494.2
107.200,-349.1,-494.6
107.267,-351.9,-493.5
107.333,-351.8,-493.8
107.400,-352.0,-491.9
107.467,-353.1,-491.8
107.533,-351.9,-494.2
107.600,-353.1,-497.4
107.667,-354.6,-497.8
107.733,-353.8,-499.0
107.800,-353.9,-497.7
107.867,-353.2,-497.3
107.933,-353.9,-497.2
108.000,-354.8,-496.6
108.067,-356.7,-495.9
108.133,-357.9,-496.2
108.200,-357.1,-496.4
108.267,-355.0,-496.9
108.333,-355.1,-495.8
108.400,-357.2,-495.4
108.467,-360.1,-495.5
108.533,-360.2,-497.4
108.600,-358.1,-498.2
108.667,-356.9,-502.7
108.733,-358.2,-502.3
108.800,-360.1,-501.2
108.867,-360.3,-499.0
108.933,-361.1,-497.3
109.000,-361.9,-494.7
109.067,-364.1,-496.1
109.133,-365.6,-498.0
109.200,-366.0,-499.5
109.267,-364.4,-497.3
109.333,-365.7,-498.7
109.400,-366.4,-498.2
109.467,-368.3,-496.0
109.533,-368.3,-495.0
109.600,-368.8,-493.7
109.667,-369.7,-493.7
109.733,-371.0,-491.0
109.800,-371.9,-490.8
109.867,-370.5,-491.5
109.933,-369.3,-493.9
110.000,-370.6,-492.0
110.067,-372.2,-492.7
110.133,-370.7,-492.3
110.200,-370.8,-494.4
110.267,-368.6,-494.8
110.333,-365.9,-496.1
110.400,-366.9,-496.3
110.467,-366.3,-497.3
110.533,-366.3,-497.8
110.600,-366.6,-497.8
110.667,-371.5,-497.4
110.733,-372.3,-495.2
110.800,-373.9,-492.4
110.867,-374.7,-492.4
110.933,-373.6,-493.3
111.000,-375.3,-492.8
111.067,-377.0,-493.1
111.133,-378.3,-493.8
111.200,-379.6,-492.1
111.267,-381.8,-492.3
111.333,-378.3,-491.8
111.400,-375.3,-492.6
111.467,-377.0,-492.2
111.533,-379.6,-492.3
111.600,-380.5,-492.3
111.667,-380.1,-492.8
111.733,-381.1,-492.8
111.800,-383.5,-493.6
111.867,-385.4,-497.3
111.933,-378.6,-495.0
112.000,-375.4,-495.6
112.067,-375.2,-494.8
112.133,-376.5,-494.4
112.200,-378.4,-493.7
112.267,-374.6,-494.4
112.333,-376.1,-494.8
112.400,-377.1,-493.9
112.467,-378.6,-496.2
112.533,-367.5,-494.0
112.600,-368.9,-493.1
112.667,-371.3,-492.2
112.733,-371.2,-493.5
112.800,-369.1,-496.2
112.867,-368.8,-496.2
112.933,-372.8,-494.1
113.000,-372.9,-493.2
113.067,-371.7,-493.2
113.133,-368.4,-495.2
113.200,-365.8,-495.1
113.267,-364.9,-497.2
113.333,-364.4,-496.3
113.400,-364.5,-495.0
113.467,-362.8,-494.0
113.533,-367.1,-492.9
113.600,-366.1,-492.4
113.667,-367.7,-488.8
113.733,-368.7,-485.9
113.800,-370.7,-483.2
113.867,-366.9,-480.3
113.933,-366.5,-479.7
114.000,-364.3,-480.2
114.067,-362.5,-480.2
114.133,-362.6,-478.3
114.200,-366.1,-477.1
114.267,-366.5,-476.0
114.333,-366.5,-476.3
114.400,-364.5,-470.0
114.467,-364.1,-468.9
114.533,-362.0,-468.0
114.600,-360.4,-467.7
114.667,-361.3,-465.4
114.733,-362.4,-464.8
114.800,-362.8,-469.2
114.867,-362.9,-471.0
114.933,-363.4,-470.4
115.000,-364.1,-471.6
115.067,-363.6,-471.2
115.133,-364.1,-472.0
115.200,-363.4,-471.9
115.267,-364.6,-473.3
115.333,-358.5,-478.0
115.400,-358.1,-475.8
115.467,-357.3,-475.6
115.533,-358.5,-475.7
115.600,-358.7,-476.6
115.667,-359.1,-475.9
115.733,-358.0,-472.0
115.800,-346.0,-476.0
115.867,-353.5,-472.0
115.933,-357.5,-473.5
116.000,-357.1,-471.2
116.067,-358.6,-469.9
116.133,-357.7,-471.4
116.200,-359.8,-472.7
116.267,-357.8,-475.5
116.333,-353.7,-478.8
116.400,-356.0,-474.2
116.467,-356.7,-470.4
116.533,-356.9,-469.7
116.600,-357.0,-469.6
116.667,-357.0,-470.3
116.733,-357.6,-473.4
116.800,-360.0,-474.4
116.867,-356.9,-478.8
116.933,-356.1,-479.1
117.000,-374.5,-484.0
117.067,-375.5,-484.7
117.133,-375.6,-482.8
117.200,-378.2,-486.2
117.267,-377.5,-485.5
117.333,-378.5,-481.0
117.400,-382.5,-481.1
117.467,-383.1,-481.9
117.533,-382.6,-481.3
117.600,-381.6,-479.9
117.667,-379.9,-479.6
117.733,-381.0,-478.5
117.800,-382.1,-480.8
117.867,-381.1,-478.8
117.933,-382.8,-475.5
118.000,-384.5,-475.8
118.067,-385.3,-475.9
118.133,-384.9,-476.5
118.200,-385.3,-476.3
118.267,-385.1,-476.8
118.333,-385.5,-477.7
118.400,-384.6,-480.1
118.467,-383.6,-478.7
118.533,-381.4,-478.9
118.600,-380.0,-479.5
118.667,-380.1,-480.9
118.733,-379.6,-481.6
118.800,-377.4,-483.8
118.867,-377.2,-483.6
118.933,-378.9,-484.5
119.000,-380.9,-484.1
119.067,-382.5,-483.9
119.133,-383.5,-484.7
119.200,-382.9,-482.6
119.267,-383.3,-482.4
119.333,-383.4,-483.9
119.400,-382.7,-484.1
119.467,-380.1,-485.1
119.533,-388.5,-485.5
119.600,-388.3,-485.4
119.667,-388.4,-486.1
119.733,-388.8,-485.0
119.800,-388.8,-485.5
119.867,-387.7,-489.6
119.933,-385.9,-493.3
120.000,-386.8,-493.1
120.067,-387.1,-492.6
120.133,-386.7,-491.3
120.200,-386.7,-490.4
120.267,-385.6,-489.6
120.333,-387.6,-484.9
120.400,-389.6,-480.8
120.467,-388.5,-484.4
120.533,-386.6,-480.9
120.600,-385.1,-481.5
120.667,-386.5,-480.3
120.733,-382.7,-481.7
120.800,-383.4,-481.7
120.867,-389.4,-477.8
120.933,-391.3,-477.7
121.000,-394.7,-481.6
121.067,-393.9,-481.3
121.133,-394.6,-482.6
121.200,-395.1,-483.0
121.267,-395.4,-484.8
121.333,-394.6,-482.9
121.400,-396.4,-481.7
121.467,-394.0,-469.5
121.533,-393.0,-467.5
121.600,-392.5,-466.0
121.667,-391.6,-467.6
121.733,-389.7,-467.6
121.800,-389.9,-469.5
121.867,-389.6,-468.8
121.933,-390.5,-468.7
122.000,-388.7,-468.1
122.067,-389.0,-468.0
122.133,-389.9,-468.1
122.200,-388.3,-468.3
122.267,-387.6,-470.1
122.333,-388.8,-469.4
122.400,-390.9,-467.9
122.467,-390.1,-467.9
122.533,-388.8,-468.9
122.600,-388.8,-468.6
122.667,-387.3,-469.1
122.733,-383.7,-453.2
122.800,-383.9,-452.2
122.867,-384.9,-450.0
122.933,-392.5,-461.0
123.000,-393.6,-461.3
123.067,-394.8,-463.6
123.133,-398.4,-462.9
123.200,-398.2,-462.6
123.267,-400.0,-463.8
123.333,-402.6,-463.6
123.400,-401.7,-463.3
123.467,-402.8,-463.2
123.533,-406.3,-463.3
