
t,x,y
0.000,-343.4,276.5
0.067,-344.4,278.5
0.133,-344.4,278.5
0.200,-343.5,276.4
0.267,-343.9,275.3
0.333,-343.4,276.6
0.400,-342.2,274.4
0.467,-341.6,274.9
0.533,-338.8,274.7
0.600,-339.1,274.1
0.667,-342.8,273.6
0.733,-345.8,273.2
0.800,-344.8,275.6
0.867,-344.4,274.6
0.933,-345.4,274.9
1.000,-345.2,277.4
1.067,-346.3,278.3
1.133,-346.6,277.7
1.200,-346.5,276.5
1.267,-345.0,276.5
1.333,-343.9,274.6
1.400,-344.6,277.1
1.467,-345.2,277.1
1.533,-344.9,277.8
1.600,-347.2,276.4
1.667,-349.2,277.9
1.733,-347.9,280.5
1.800,-347.3,281.6
1.867,-347.6,281.3
1.933,-348.5,282.5
2.000,-348.5,283.2
2.067,-348.5,284.2
2.133,-349.4,283.0
2.200,-349.5,281.5
2.267,-346.5,280.3
2.333,-344.8,281.2
2.400,-344.8,282.4
2.467,-345.4,284.1
2.533,-341.8,284.4
2.600,-341.0,286.3
2.667,-344.0,288.2
2.733,-344.8,290.5
2.800,-345.9,291.7
2.867,-347.9,290.4
2.933,-348.3,291.3
3.000,-347.6,292.2
3.067,-346.4,291.3
3.133,-344.5,290.2
3.200,-343.2,288.6
3.267,-341.1,287.6
3.333,-342.2,286.3
3.400,-341.7,284.6
3.467,-341.6,282.6
3.533,-343.3,284.7
3.600,-342.6,286.9
3.667,-341.9,287.0
3.733,-343.8,288.4
3.800,-345.7,289.3
3.867,-345.0,289.3
3.933,-344.3,289.4
4.000,-345.2,290.4
4.067,-348.0,290.2
4.133,-346.4,288.8
4.200,-347.6,287.1
4.267,-347.2,287.3
4.333,-347.5,287.3
4.400,-347.5,288.4
4.467,-349.9,289.0
4.533,-350.3,288.6
4.600,-350.5,290.2
4.667,-349.5,290.3
4.733,-349.6,289.4
4.800,-349.7,289.7
4.867,-351.0,287.7
4.933,-348.9,286.5
5.000,-350.1,285.4
5.067,-351.2,285.6
5.133,-350.5,284.9
5.200,-349.6,282.5
5.267,-348.5,284.1
5.333,-348.1,284.7
5.400,-347.6,285.0
5.467,-347.6,284.8
5.533,-346.4,285.5
5.600,-345.8,285.5
5.667,-343.9,285.1
5.733,-342.0,285.5
5.800,-339.3,286.6
5.867,-336.7,286.7
5.933,-336.3,287.3
6.000,-334.5,287.1
6.067,-334.5,285.9
6.133,-335.3,286.1
6.200,-333.7,285.5
6.267,-335.4,286.1
6.333,-335.2,285.4
6.400,-335.0,285.7
6.467,-333.6,284.4
6.533,-332.7,283.6
6.600,-332.3,284.6
6.667,-333.1,286.0
6.733,-333.2,286.5
6.800,-334.6,286.1
6.867,-336.5,287.3
6.933,-336.6,287.9
7.000,-337.2,286.0
7.067,-335.6,285.0
7.133,-336.4,285.0
7.200,-337.1,284.5
7.267,-337.0,285.2
7.333,-337.6,286.6
7.400,-338.9,286.3
7.467,-340.7,285.3
7.533,-339.5,284.2
7.600,-339.6,284.2
7.667,-339.9,283.6
7.733,-340.7,282.6
7.800,-339.5,283.4
7.867,-337.5,281.9
7.933,-339.0,280.6
8.000,-341.1,280.7
8.067,-343.0,281.2
8.133,-344.7,283.4
8.200,-346.7,282.4
8.267,-347.9,284.6
8.333,-348.6,284.6
8.400,-349.4,284.0
8.467,-348.7,285.3
8.533,-347.9,283.7
8.600,-348.4,284.2
8.667,-348.0,283.9
8.733,-347.9,283.4
8.800,-347.3,283.3
8.867,-347.8,283.0
8.933,-349.0,285.7
9.000,-350.3,285.8
9.067,-351.5,284.5
9.133,-353.0,284.8
9.200,-352.5,284.8
9.267,-354.0,285.7
9.333,-355.3,286.1
9.400,-355.0,285.4
9.467,-353.4,285.0
9.533,-352.1,283.7
9.600,-353.6,283.0
9.667,-354.5,282.9
9.733,-355.5,282.3
9.800,-354.8,281.6
9.867,-353.2,280.5
9.933,-354.1,280.6
10.000,-353.7,280.2
10.067,-355.0,281.1
10.133,-354.3,282.4
10.200,-354.6,283.0
10.267,-354.2,281.2
10.333,-355.5,281.7
10.400,-354.4,280.5
10.467,-355.7,279.4
10.533,-356.4,279.6
10.600,-357.0,277.9
10.667,-355.2,277.9
10.733,-355.3,279.9
10.800,-354.3,279.0
10.867,-353.6,277.1
10.933,-353.7,276.3
11.000,-351.4,275.8
11.067,-350.3,277.1
11.133,-350.5,279.4
11.200,-351.0,279.2
11.267,-349.7,282.3
11.333,-347.4,284.5
11.400,-348.2,285.1
11.467,-344.4,285.6
11.533,-342.2,284.7
11.600,-342.3,283.9
11.667,-341.6,282.2
11.733,-341.6,281.0
11.800,-341.9,279.9
11.867,-338.1,280.5
11.933,-336.1,280.9
12.000,-335.3,282.5
12.067,-335.1,281.9
12.133,-334.8,281.4
12.200,-336.7,279.7
12.267,-337.1,279.1
12.333,-336.9,280.4
12.400,-337.3,280.6
12.467,-336.6,280.6
12.533,-332.9,279.7
12.600,-330.9,279.9
12.667,-329.2,280.2
12.733,-330.5,281.0
12.800,-330.5,280.9
12.867,-329.4,280.8
12.933,-329.2,282.9
13.000,-329.8,283.2
13.067,-330.5,284.4
13.133,-330.1,283.1
13.200,-330.3,281.7
13.267,-333.4,282.8
13.333,-334.0,282.2
13.400,-331.5,280.6
13.467,-331.2,279.9
13.533,-331.1,279.9
13.600,-330.8,279.3
13.667,-331.6,279.8
13.733,-330.9,279.3
13.800,-329.5,278.5
13.867,-328.8,278.1
13.933,-329.4,277.1
14.000,-329.9,276.5
14.067,-330.4,275.0
14.133,-329.3,275.7
14.200,-327.9,274.5
14.267,-326.8,273.5
14.333,-326.0,271.7
14.400,-324.8,268.5
14.467,-325.1,267.3
14.533,-325.8,265.5
14.600,-324.9,264.9
14.667,-324.0,264.5
14.733,-321.9,262.9
14.800,-323.7,263.4
14.867,-324.5,264.5
14.933,-325.4,262.9
15.000,-324.0,263.8
15.067,-325.1,264.2
15.133,-326.4,263.7
15.200,-325.7,262.6
15.267,-325.2,261.7
15.333,-325.1,261.7
15.400,-325.5,261.4
15.467,-325.6,262.4
15.533,-324.9,261.2
15.600,-324.2,262.0
15.667,-322.2,261.2
15.733,-320.2,260.8
15.800,-322.1,261.3
15.867,-320.6,260.2
15.933,-318.3,258.9
16.000,-318.2,261.3
16.067,-317.1,263.5
16.133,-317.3,262.7
16.200,-317.1,263.3
16.267,-320.0,263.3
16.333,-320.3,264.1
16.400,-319.1,263.5
16.467,-318.2,263.7
16.533,-317.4,263.6
16.600,-314.9,266.7
16.667,-311.3,268.5
16.733,-313.2,269.3
16.800,-314.9,268.6
16.867,-313.2,267.9
16.933,-311.5,266.9
17.000,-311.4,265.5
17.067,-312.1,265.6
17.133,-311.4,265.8
17.200,-309.8,266.3
17.267,-310.4,264.6
17.333,-311.4,263.3
17.400,-311.7,263.5
17.467,-310.6,264.5
17.533,-309.6,266.6
17.600,-309.0,266.2
17.667,-308.3,265.3
17.733,-308.4,265.8
17.800,-310.1,266.9
17.867,-310.7,267.8
17.933,-310.7,270.3
18.000,-313.6,269.6
18.067,-313.6,268.2
18.133,-312.9,267.4
18.200,-313.7,268.3
18.267,-315.4,269.7
18.333,-314.6,268.5
18.400,-314.7,269.5
18.467,-316.1,269.4
18.533,-317.3,267.9
18.600,-318.0,266.0
18.667,-318.6,263.6
18.733,-317.8,260.7
18.800,-317.1,261.5
18.867,-317.0,260.6
18.933,-316.3,259.9
19.000,-316.4,257.5
19.067,-316.7,258.5
19.133,-317.4,260.9
19.200,-317.3,260.0
19.267,-317.9,258.4
19.333,-317.5,258.9
19.400,-318.6,260.6
19.467,-314.5,259.9
19.533,-314.6,260.7
19.600,-313.9,260.4
19.667,-311.6,262.1
19.733,-313.7,262.3
19.800,-314.4,260.9
19.867,-315.0,260.4
19.933,-314.9,260.5
20.000,-318.5,260.5
20.067,-318.8,259.8
20.133,-320.0,259.4
20.200,-320.8,258.1
20.267,-318.6,257.2
20.333,-317.7,257.8
20.400,-317.5,256.9
20.467,-317.8,256.2
20.533,-317.9,255.1
20.600,-321.5,255.2
20.667,-323.1,254.2
20.733,-323.3,254.0
20.800,-324.5,253.6
20.867,-325.5,254.7
20.933,-326.1,256.2
21.000,-325.7,254.2
21.067,-326.4,254.5
21.133,-326.6,254.9
21.200,-326.4,255.1
21.267,-328.1,254.6
21.333,-328.7,253.2
21.400,-326.4,252.9
21.467,-325.9,252.8
21.533,-325.2,255.3
21.600,-323.7,256.6
21.667,-323.5,256.9
21.733,-324.0,258.7
21.800,-324.3,258.7
21.867,-325.3,258.0
21.933,-325.8,257.2
22.000,-327.8,254.2
22.067,-329.1,255.5
22.133,-327.4,254.7
22.200,-326.4,253.4
22.267,-327.8,252.3
22.333,-327.0,251.0
22.400,-326.5,250.2
22.467,-324.6,248.7
22.533,-324.5,248.0
22.600,-323.0,247.7
22.667,-324.2,247.2
22.733,-323.5,247.0
22.800,-323.5,247.2
22.867,-326.2,245.5
22.933,-328.6,244.1
23.000,-329.2,243.2
23.067,-328.6,244.4
23.133,-326.2,243.9
23.200,-328.0,242.6
23.267,-328.6,241.5
23.333,-329.5,240.2
23.400,-330.2,240.5
23.467,-328.3,240.9
23.533,-327.7,242.6
23.600,-326.8,243.3
23.667,-325.2,244.3
23.733,-326.7,243.0
23.800,-327.4,243.7
23.867,-329.6,245.2
23.933,-331.7,246.1
24.000,-333.1,248.1
24.067,-333.9,248.4
24.133,-332.9,247.6
24.200,-331.5,245.8
24.267,-331.4,245.2
24.333,-333.1,247.6
24.400,-333.3,247.0
24.467,-332.6,247.7
24.533,-333.4,247.0
24.600,-333.3,246.1
24.667,-334.1,244.8
24.733,-333.6,244.1
24.800,-333.5,244.5
24.867,-333.3,242.9
24.933,-334.2,242.1
25.000,-332.3,243.2
25.067,-331.6,239.5
25.133,-332.0,236.3
25.200,-332.3,236.4
25.267,-330.9,236.5
25.333,-331.4,235.2
25.400,-331.0,234.0
25.467,-331.1,233.8
25.533,-330.1,233.1
25.600,-329.5,231.8
25.667,-327.2,233.4
25.733,-326.4,235.3
25.800,-324.7,235.7
25.867,-325.0,235.7
25.933,-325.0,234.4
26.000,-324.5,233.9
26.067,-326.4,234.7
26.133,-326.7,233.4
26.200,-326.2,233.8
26.267,-324.3,233.1
26.333,-324.0,233.4
26.400,-322.6,233.9
26.467,-326.9,234.7
26.533,-325.8,235.7
26.600,-325.8,236.3
26.667,-327.1,235.5
26.733,-326.3,234.6
26.800,-327.0,233.8
26.867,-328.7,233.7
26.933,-329.3,232.7
27.000,-329.8,232.4
27.067,-329.8,232.6
27.133,-331.3,232.9
27.200,-332.5,232.4
27.267,-332.4,230.8
27.333,-334.0,229.5
27.400,-332.7,229.0
27.467,-332.9,228.9
27.533,-334.6,227.5
27.600,-334.0,226.8
27.667,-333.0,226.4
27.733,-330.2,228.7
27.800,-330.6,230.7
27.867,-331.7,231.4
27.933,-331.8,229.8
28.000,-331.3,228.6
28.067,-330.0,228.4
28.133,-326.1,227.0
28.200,-327.7,227.7
28.267,-325.1,226.3
28.333,-324.7,226.3
28.400,-325.0,226.7
28.467,-325.5,227.2
28.533,-324.2,226.7
28.600,-321.2,227.1
28.667,-320.0,226.4
28.733,-320.4,227.2
28.800,-322.4,229.3
28.867,-318.5,234.5
28.933,-318.9,235.5
29.000,-321.7,236.1
29.067,-322.6,235.8
29.133,-318.4,235.3
29.200,-318.1,232.3
29.267,-318.6,230.5
29.333,-318.8,229.8
29.400,-317.9,227.3
29.467,-320.3,230.9
29.533,-319.4,232.3
29.600,-319.3,231.2
29.667,-320.8,230.4
29.733,-320.9,228.5
29.800,-320.1,227.1
29.867,-320.5,226.5
29.933,-321.4,220.8
30.000,-321.9,218.8
30.067,-328.5,210.5
30.133,-330.8,209.4
30.200,-331.0,209.5
30.267,-330.3,208.3
30.333,-331.8,208.5
30.400,-328.6,211.2
30.467,-328.8,209.5
30.533,-331.9,211.5
30.600,-334.0,212.3
30.667,-333.0,210.5
30.733,-332.8,210.4
30.800,-332.6,210.1
30.867,-333.8,208.5
30.933,-332.0,206.4
31.000,-332.3,207.2
31.067,-330.7,207.6
31.133,-329.1,207.5
31.200,-327.9,207.8
31.267,-327.5,209.5
31.333,-326.9,207.1
31.400,-326.8,206.9
31.467,-328.4,204.2
31.533,-329.0,201.3
31.600,-328.4,201.0
31.667,-327.5,201.6
31.733,-329.9,203.6
31.800,-328.3,204.3
31.867,-327.5,204.0
31.933,-327.3,206.5
32.000,-326.5,207.4
32.067,-327.8,206.8
32.133,-329.3,207.4
32.200,-329.7,206.6
32.267,-329.0,207.5
32.333,-330.7,207.8
32.400,-330.7,208.8
32.467,-329.5,207.1
32.533,-328.9,203.3
32.600,-328.1,202.7
32.667,-329.3,199.8
32.733,-329.0,200.4
32.800,-327.4,201.4
32.867,-324.3,200.2
32.933,-323.8,201.6
33.000,-325.6,200.6
33.067,-329.0,201.5
33.133,-330.1,198.3
33.200,-331.7,197.2
33.267,-330.8,197.0
33.333,-330.6,198.4
33.400,-329.6,200.0
33.467,-329.6,199.5
33.533,-328.8,196.3
33.600,-329.0,196.5
33.667,-328.4,196.5
33.733,-328.6,196.3
33.800,-327.3,196.8
33.867,-326.9,195.2
33.933,-325.0,194.5
34.000,-323.7,194.8
34.067,-324.8,191.6
34.133,-326.5,191.8
34.200,-326.3,191.9
34.267,-326.3,192.5
34.333,-325.6,192.8
34.400,-325.2,191.7
34.467,-325.4,191.6
34.533,-326.5,191.2
34.600,-326.3,190.9
34.667,-326.8,189.3
34.733,-326.8,186.3
34.800,-327.9,185.5
34.867,-329.1,187.9
34.933,-331.3,188.9
35.000,-332.5,190.9
35.067,-335.5,190.1
35.133,-334.3,191.9
35.200,-332.7,192.3
35.267,-331.2,191.5
35.333,-334.2,192.9
35.400,-335.0,193.5
35.467,-335.5,193.4
35.533,-334.7,192.9
35.600,-335.2,191.9
35.667,-334.2,191.2
35.733,-334.3,190.0
35.800,-334.2,189.8
35.867,-335.4,188.8
35.933,-334.5,188.5
36.000,-335.3,189.4
36.067,-338.9,189.4
36.133,-339.6,188.4
36.200,-341.6,189.8
36.267,-341.1,190.8
36.333,-342.4,190.4
36.400,-342.0,189.7
36.467,-341.6,189.5
36.533,-339.8,187.0
36.600,-337.6,186.1
36.667,-338.1,186.7
36.733,-338.5,182.2
36.800,-337.8,180.0
36.867,-338.5,178.1
36.933,-336.4,178.4
37.000,-336.6,177.3
37.067,-338.0,174.0
37.133,-337.8,172.3
37.200,-338.3,168.8
37.267,-336.6,169.1
37.333,-336.5,165.0
37.400,-337.4,165.2
37.467,-337.0,162.0
37.533,-338.1,159.8
37.600,-338.1,160.8
37.667,-335.6,160.4
37.733,-336.5,162.2
37.800,-336.7,161.9
37.867,-335.7,162.2
37.933,-335.2,161.8
38.000,-336.0,161.0
38.067,-334.5,162.0
38.133,-333.3,160.9
38.200,-331.9,164.1
38.267,-330.5,164.5
38.333,-330.2,161.6
38.400,-331.5,158.6
38.467,-331.9,156.1
38.533,-331.5,155.5
38.600,-332.6,157.7
38.667,-331.0,159.5
38.733,-329.3,158.1
38.800,-327.9,158.6
38.867,-328.5,158.5
38.933,-328.1,156.6
39.000,-328.2,154.5
39.067,-327.2,154.6
39.133,-325.3,154.6
39.200,-324.7,153.4
39.267,-326.3,154.7
39.333,-325.6,155.5
39.400,-327.5,156.6
39.467,-327.8,157.3
39.533,-329.6,157.6
39.600,-329.0,157.9
39.667,-330.6,157.4
39.733,-331.2,160.5
39.800,-330.2,161.8
39.867,-329.5,157.8
39.933,-328.4,157.4
40.000,-328.5,158.5
40.067,-329.6,160.5
40.133,-331.8,160.0
40.200,-330.6,160.1
40.267,-330.7,158.4
40.333,-330.8,158.4
40.400,-330.4,157.7
40.467,-329.4,154.8
40.533,-331.2,156.9
40.600,-330.7,157.2
40.667,-331.3,157.3
40.733,-331.0,156.1
40.800,-330.7,155.2
40.867,-330.9,154.2
40.933,-330.4,154.5
41.000,-329.7,154.2
41.067,-330.2,153.6
41.133,-330.8,155.5
41.200,-330.8,158.2
41.267,-330.5,159.5
41.333,-330.2,161.9
41.400,-329.5,164.2
41.467,-327.2,161.4
41.533,-325.9,162.1
41.600,-329.1,161.9
41.667,-332.8,162.2
41.733,-333.2,162.8
41.800,-335.7,164.1
41.867,-335.3,162.6
41.933,-335.3,161.7
42.000,-337.2,159.7
42.067,-337.7,159.5
42.133,-337.3,157.9
42.200,-336.6,154.5
42.267,-337.0,155.1
42.333,-336.3,158.4
42.400,-338.2,157.3
42.467,-339.0,153.9
42.533,-339.7,152.5
42.600,-337.3,151.7
42.667,-336.6,151.5
42.733,-336.8,150.3
42.800,-337.6,152.3
42.867,-336.9,154.3
42.933,-338.0,156.0
43.000,-337.4,155.4
43.067,-336.5,152.3
43.133,-336.6,151.2
43.200,-338.6,151.2
43.267,-337.5,149.4
43.333,-337.0,147.5
43.400,-338.3,145.3
43.467,-336.5,143.7
43.533,-336.5,145.4
43.600,-333.4,145.8
43.667,-334.2,145.6
43.733,-333.8,144.5
43.800,-333.2,144.3
43.867,-335.3,144.5
43.933,-337.2,146.4
44.000,-338.9,147.4
44.067,-339.3,149.6
44.133,-341.4,150.4
44.200,-344.2,152.3
44.267,-344.4,152.7
44.333,-345.5,152.3
44.400,-344.9,153.7
44.467,-343.7,154.0
44.533,-343.1,153.3
44.600,-341.8,150.6
44.667,-342.6,150.1
44.733,-344.0,148.1
44.800,-344.4,149.0
44.867,-346.3,149.3
44.933,-345.2,150.4
45.000,-345.5,150.1
45.067,-343.1,151.6
45.133,-344.5,149.4
45.200,-346.9,148.6
45.267,-350.3,151.5
45.333,-352.2,153.3
45.400,-352.9,154.4
45.467,-354.7,156.4
45.533,-358.9,156.4
45.600,-358.4,154.6
45.667,-358.5,153.6
45.733,-361.4,155.5
45.800,-362.4,157.3
45.867,-363.7,156.3
45.933,-364.5,156.4
46.000,-363.6,157.1
46.067,-362.4,159.4
46.133,-364.5,158.4
46.200,-365.7,157.1
46.267,-366.8,156.4
46.333,-371.3,157.8
46.400,-373.4,158.7
46.467,-370.6,152.3
46.533,-371.8,151.3
46.600,-373.6,152.3
46.667,-374.0,152.2
46.733,-373.6,155.2
46.800,-372.4,155.6
46.867,-372.0,153.1
46.933,-372.2,153.5
47.000,-372.1,150.9
47.067,-371.8,151.2
47.133,-372.8,151.2
47.200,-371.1,150.9
47.267,-373.4,154.5
47.333,-375.4,157.4
47.400,-374.5,156.5
47.467,-373.7,155.4
47.533,-373.4,153.4
47.600,-373.6,154.4
47.667,-373.3,154.7
47.733,-371.6,151.5
47.800,-373.1,151.4
47.867,-372.3,151.8
47.933,-373.2,151.7
48.000,-374.9,150.2
48.067,-375.1,150.6
48.133,-375.1,147.7
48.200,-375.7,148.6
48.267,-376.6,150.6
48.333,-376.7,150.2
48.400,-376.1,150.8
48.467,-374.6,148.4
48.533,-375.2,146.6
48.600,-376.3,148.5
48.667,-377.0,149.4
48.733,-379.4,151.8
48.800,-380.7,153.0
48.867,-380.7,150.5
48.933,-379.7,149.4
49.000,-380.2,151.7
49.067,-381.2,154.7
49.133,-379.6,153.9
49.200,-379.5,155.8
49.267,-381.3,155.3
49.333,-382.7,155.5
49.400,-385.5,155.0
49.467,-384.7,154.3
49.533,-386.3,151.6
49.600,-387.7,152.2
49.667,-386.2,151.8
49.733,-385.3,150.5
49.800,-386.8,151.2
49.867,-387.6,149.6
49.933,-388.5,147.7
50.000,-393.2,146.6
50.067,-393.5,143.7
50.133,-397.7,145.5
50.200,-398.2,146.3
50.267,-397.2,147.7
50.333,-396.4,148.7
50.400,-397.0,149.6
50.467,-397.3,148.7
50.533,-397.7,149.2
50.600,-398.1,149.7
50.667,-395.9,149.5
50.733,-397.5,152.9
50.800,-396.1,152.3
50.867,-393.6,152.8
50.933,-393.3,153.5
51.000,-393.7,153.3
51.067,-394.6,152.2
51.133,-391.1,148.8
51.200,-388.1,147.4
51.267,-385.2,146.7
51.333,-385.0,145.5
51.400,-383.0,145.5
51.467,-382.8,146.5
51.533,-382.1,146.5
51.600,-382.1,146.4
51.667,-381.9,149.2
51.733,-381.0,150.3
51.800,-381.9,152.1
51.867,-379.5,150.4
51.933,-376.9,152.6
52.000,-380.3,151.9
52.067,-380.5,151.8
52.133,-380.9,152.5
52.200,-379.2,151.3
52.267,-381.1,151.9
52.333,-380.7,149.6
52.400,-380.9,148.6
52.467,-381.6,147.4
52.533,-381.1,147.9
52.600,-382.4,149.6
52.667,-381.3,150.9
52.733,-383.1,150.6
52.800,-383.0,148.8
52.867,-383.2,149.4
52.933,-384.2,149.9
53.000,-385.2,149.7
53.067,-385.3,149.5
53.133,-384.6,147.3
53.200,-386.3,146.5
53.267,-384.6,143.8
53.333,-383.8,144.0
53.400,-382.3,142.5
53.467,-381.1,144.5
53.533,-381.5,145.2
53.600,-381.3,144.8
53.667,-383.1,145.9
53.733,-382.5,147.7
53.800,-382.8,147.4
53.867,-383.0,149.8
53.933,-383.6,147.7
54.000,-384.4,148.5
54.067,-384.1,149.9
54.133,-384.0,149.8
54.200,-382.2,150.4
54.267,-381.7,150.5
54.333,-381.8,149.5
54.400,-382.3,148.6
54.467,-381.7,146.6
54.533,-380.6,147.4
54.600,-381.3,149.5
54.667,-381.5,157.0
54.733,-381.5,158.2
54.800,-381.2,156.8
54.867,-381.4,155.7
54.933,-382.1,156.3
55.000,-382.9,156.1
55.067,-381.6,156.9
55.133,-382.3,157.8
55.200,-380.6,156.6
55.267,-381.2,155.9
55.333,-380.0,157.4
55.400,-380.3,159.2
55.467,-380.1,160.4
55.533,-381.7,163.5
55.600,-380.8,161.9
55.667,-383.3,162.1
55.733,-382.4,161.8
55.800,-380.6,161.8
55.867,-381.0,161.9
55.933,-381.8,163.8
56.000,-381.6,165.2
56.067,-381.2,164.5
56.133,-382.7,164.9
56.200,-380.8,165.8
56.267,-379.0,165.3
56.333,-381.2,166.4
56.400,-379.6,166.3
56.467,-379.5,171.5
56.533,-379.6,171.8
56.600,-379.4,169.7
56.667,-380.9,169.9
56.733,-382.8,170.0
56.800,-384.9,169.4
56.867,-385.3,168.6
56.933,-386.3,167.5
57.000,-386.7,168.2
57.067,-386.6,165.4
57.133,-385.6,167.2
57.200,-386.2,168.6
57.267,-386.8,168.1
57.333,-385.5,168.2
57.400,-386.9,166.0
57.467,-386.5,168.0
57.533,-385.9,167.1
57.600,-384.3,168.2
57.667,-383.9,169.2
57.733,-382.5,168.8
57.800,-382.4,168.2
57.867,-381.1,166.6
57.933,-379.5,165.6
58.000,-377.9,164.8
58.067,-375.0,163.2
58.133,-372.5,162.8
58.200,-370.5,160.6
58.267,-370.4,157.8
58.333,-369.5,154.7
58.400,-371.6,156.1
58.467,-370.8,154.7
58.533,-369.5,152.9
58.600,-369.1,151.2
58.667,-370.9,149.8
58.733,-373.1,147.7
58.800,-373.1,148.9
58.867,-370.5,148.9
58.933,-369.3,145.9
59.000,-371.0,143.2
59.067,-371.3,141.3
59.133,-369.3,141.0
59.200,-369.0,141.1
59.267,-369.3,139.9
59.333,-369.3,140.1
59.400,-368.0,142.7
59.467,-366.2,144.0
59.533,-365.3,145.5
59.600,-365.0,145.1
59.667,-363.2,142.1
59.733,-362.6,142.5
59.800,-363.7,140.6
59.867,-367.3,139.8
59.933,-366.8,139.3
60.000,-366.5,139.0
60.067,-367.6,137.0
60.133,-368.7,134.4
60.200,-368.4,133.5
60.267,-367.8,133.2
60.333,-366.9,134.5
60.400,-366.0,135.7
60.467,-364.0,136.9
60.533,-360.1,137.2
60.600,-358.8,137.1
60.667,-358.5,137.1
60.733,-357.7,137.9
60.800,-360.3,135.8
60.867,-360.7,135.3
60.933,-358.6,135.4
61.000,-360.9,133.7
61.067,-361.9,134.7
61.133,-363.7,134.3
61.200,-364.4,135.5
61.267,-362.8,133.8
61.333,-361.4,135.6
61.400,-363.2,138.3
61.467,-364.1,138.1
61.533,-365.7,136.2
61.600,-364.7,137.1
61.667,-364.6,138.1
61.733,-364.3,135.5
61.800,-364.6,132.2
61.867,-365.0,132.1
61.933,-363.4,132.6
62.000,-361.4,132.9
62.067,-362.0,133.2
62.133,-363.4,136.4
62.200,-363.7,137.2
62.267,-363.3,136.9
62.333,-365.5,136.5
62.400,-366.7,137.6
62.467,-366.1,138.2
62.533,-365.9,137.5
62.600,-367.6,136.1
62.667,-368.3,132.9
62.733,-368.1,134.1
62.800,-369.7,134.6
62.867,-369.4,135.2
62.933,-372.0,136.0
63.000,-375.1,136.3
63.067,-372.9,135.1
63.133,-374.5,135.5
63.200,-373.3,135.5
63.267,-374.5,137.5
63.333,-377.1,139.3
63.400,-378.5,137.8
63.467,-377.8,138.1
63.533,-377.5,139.1
63.600,-376.4,137.9
63.667,-371.6,138.2
63.733,-371.2,138.2
63.800,-370.8,135.5
63.867,-371.5,134.2
63.933,-372.1,132.2
64.000,-370.0,131.7
64.067,-369.5,131.8
64.133,-370.0,132.2
64.200,-370.0,132.1
64.267,-368.8,131.1
64.333,-370.3,131.7
64.400,-370.3,130.6
64.467,-373.4,129.9
64.533,-374.9,127.6
64.600,-376.4,126.3
64.667,-376.0,126.7
64.733,-375.0,127.2
64.800,-377.5,127.6
64.867,-378.8,127.6
64.933,-374.9,125.9
65.000,-371.7,123.9
65.067,-371.8,121.0
65.133,-371.7,119.9
65.200,-370.4,120.8
65.267,-370.6,119.9
65.333,-370.2,117.9
65.400,-371.0,114.2
65.467,-376.3,115.0
65.533,-379.3,116.5
65.600,-379.7,115.5
65.667,-381.3,115.6
65.733,-380.9,113.6
65.800,-382.9,112.5
65.867,-385.0,113.7
65.933,-382.9,113.1
66.000,-379.8,112.6
66.067,-377.8,113.5
66.133,-375.9,115.6
66.200,-375.1,115.3
66.267,-375.6,114.6
66.333,-375.5,114.4
66.400,-378.1,114.3
66.467,-378.6,114.5
66.533,-377.4,113.5
66.600,-376.4,113.0
66.667,-375.8,113.3
66.733,-376.5,115.3
66.800,-377.8,115.9
66.867,-378.2,114.8
66.933,-378.9,114.2
67.000,-380.1,111.5
67.067,-379.2,109.3
67.133,-377.2,108.2
67.200,-379.7,106.6
67.267,-380.2,104.4
67.333,-381.6,103.8
67.400,-381.5,105.2
67.467,-381.6,104.5
67.533,-379.7,103.9
67.600,-378.5,106.3
67.667,-377.4,106.5
67.733,-378.2,106.3
67.800,-379.8,108.6
67.867,-380.4,110.5
67.933,-379.6,110.8
68.000,-380.6,112.1
68.067,-380.5,113.8
68.133,-381.0,113.0
68.200,-379.0,113.8
68.267,-378.5,112.4
68.333,-375.9,114.8
68.400,-375.1,116.9
68.467,-374.1,117.8
68.533,-375.3,117.3
68.600,-378.1,116.9
68.667,-377.5,121.1
68.733,-377.4,123.1
68.800,-378.3,123.7
68.867,-379.0,124.4
68.933,-376.3,122.6
69.000,-374.4,122.6
69.067,-374.3,122.2
69.133,-373.2,123.9
69.200,-371.7,124.1
69.267,-376.4,125.9
69.333,-376.9,125.5
69.400,-374.5,127.4
69.467,-371.7,128.7
69.533,-372.0,127.6
69.600,-376.3,129.3
69.667,-374.6,128.0
69.733,-376.5,124.1
69.800,-377.5,124.1
69.867,-376.7,124.0
69.933,-377.1,123.8
70.000,-375.4,124.6
70.067,-375.1,124.9
70.133,-373.7,123.2
70.200,-374.8,123.0
70.267,-375.2,123.8
70.333,-372.3,123.4
70.400,-369.6,123.1
70.467,-370.1,124.2
70.533,-373.1,125.9
70.600,-373.8,126.9
70.667,-374.5,128.9
70.733,-375.4,130.1
70.800,-373.6,130.1
70.867,-374.8,130.8
70.933,-372.3,130.5
71.000,-371.7,129.8
71.067,-370.6,129.3
71.133,-369.5,130.0
71.200,-367.8,131.5
71.267,-367.4,133.4
71.333,-367.2,131.4
71.400,-366.2,132.1
71.467,-367.8,135.0
71.533,-366.1,134.2
71.600,-366.1,132.1
71.667,-364.9,130.8
71.733,-363.4,127.7
71.800,-361.3,125.7
71.867,-362.9,122.1
71.933,-366.7,123.8
72.000,-366.1,125.0
72.067,-365.4,122.1
72.133,-366.5,122.6
72.200,-366.5,122.3
72.267,-364.5,121.2
72.333,-362.5,121.0
72.400,-362.4,123.9
72.467,-360.8,121.9
72.533,-359.3,121.8
72.600,-357.1,120.0
72.667,-353.3,118.4
72.733,-351.7,118.8
72.800,-351.7,119.3
72.867,-350.8,122.2
72.933,-350.6,122.1
73.000,-353.2,121.8
73.067,-354.2,121.4
73.133,-353.8,120.9
73.200,-352.2,119.1
73.267,-351.4,120.4
73.333,-349.2,119.2
73.400,-350.1,115.9
73.467,-351.9,115.1
73.533,-355.6,116.0
73.600,-354.8,117.6
73.667,-354.8,117.9
73.733,-356.2,120.3
73.800,-357.0,120.3
73.867,-357.5,118.8
73.933,-357.0,117.0
74.000,-357.8,119.2
74.067,-355.5,120.7
74.133,-354.5,119.7
74.200,-356.6,119.9
74.267,-356.9,119.0
74.333,-352.7,116.9
74.400,-349.3,117.9
74.467,-346.3,117.5
74.533,-345.9,118.7
74.600,-344.8,119.0
74.667,-344.1,118.6
74.733,-344.0,118.4
74.800,-342.4,120.6
74.867,-341.7,122.6
74.933,-342.6,122.1
75.000,-343.5,120.9
75.067,-344.9,121.1
75.133,-345.0,117.6
75.200,-344.1,118.6
75.267,-342.4,118.2
75.333,-341.1,117.5
75.400,-339.3,116.3
75.467,-339.3,116.0
75.533,-339.9,116.5
75.600,-341.0,115.8
75.667,-339.1,115.9
75.733,-338.9,115.5
75.800,-337.8,115.6
75.867,-337.2,116.4
75.933,-339.3,115.2
76.000,-340.3,113.2
76.067,-339.5,113.7
76.133,-340.6,113.4
76.200,-339.7,114.7
76.267,-338.9,114.6
76.333,-338.2,117.2
76.400,-337.5,119.5
76.467,-338.2,121.8
76.533,-341.3,123.9
76.600,-341.9,123.5
76.667,-342.9,124.5
76.733,-342.5,123.8
76.800,-342.5,121.8
76.867,-343.3,123.9
76.933,-343.4,126.0
77.000,-344.3,125.3
77.067,-344.1,123.0
77.133,-344.7,121.8
77.200,-345.0,121.7
77.267,-346.2,120.8
77.333,-347.2,122.5
77.400,-345.1,122.3
77.467,-344.6,122.6
77.533,-345.1,122.9
77.600,-346.7,125.2
77.667,-349.4,127.0
77.733,-347.5,127.7
77.800,-347.5,127.7
77.867,-346.2,126.9
77.933,-346.0,125.7
78.000,-347.3,124.3
78.067,-348.6,127.3
78.133,-351.8,128.8
78.200,-351.1,129.6
78.267,-348.6,127.0
78.333,-348.1,126.3
78.400,-347.3,125.4
78.467,-345.5,125.1
78.533,-345.5,128.0
78.600,-345.7,129.1
78.667,-346.7,131.5
78.733,-342.1,131.7
78.800,-340.9,130.8
78.867,-342.8,130.7
78.933,-344.2,129.8
79.000,-343.4,128.3
79.067,-344.9,128.9
79.133,-342.7,129.4
79.200,-341.5,132.2
79.267,-340.8,131.6
79.333,-342.3,129.8
79.400,-338.7,127.3
79.467,-339.2,125.8
79.533,-339.6,126.1
79.600,-339.8,125.8
79.667,-340.7,125.5
79.733,-339.3,124.2
79.800,-339.5,123.4
79.867,-340.9,122.0
79.933,-340.3,122.8
80.000,-337.4,123.1
80.067,-337.3,121.9
80.133,-336.7,118.6
80.200,-334.4,118.9
80.267,-333.4,121.3
80.333,-333.8,123.8
80.400,-335.7,122.3
80.467,-339.1,122.3
80.533,-341.8,122.8
80.600,-341.2,124.2
80.667,-340.7,125.4
80.733,-342.8,127.1
80.800,-344.0,124.8
80.867,-344.6,122.0
80.933,-343.2,122.0
81.000,-341.8,121.2
81.067,-341.7,122.4
81.133,-341.8,123.8
81.200,-341.3,125.3
81.267,-341.5,126.9
81.333,-342.1,129.2
81.400,-341.9,128.7
81.467,-341.7,130.3
81.533,-340.8,130.9
81.600,-339.2,131.0
81.667,-336.3,129.5
81.733,-336.5,129.6
81.800,-338.8,128.6
81.867,-338.6,127.8
81.933,-337.8,127.2
82.000,-337.8,128.2
82.067,-336.1,129.4
82.133,-336.2,130.2
82.200,-335.0,129.0
82.267,-334.0,129.2
82.333,-333.0,128.6
82.400,-330.7,129.8
82.467,-328.9,128.1
82.533,-330.0,130.0
82.600,-331.8,131.2
82.667,-331.0,132.5
82.733,-328.7,134.2
82.800,-328.0,133.6
82.867,-328.4,131.5
82.933,-329.5,131.6
83.000,-330.1,131.0
83.067,-330.7,127.8
83.133,-332.3,127.0
83.200,-333.2,128.9
83.267,-333.7,128.9
83.333,-335.3,130.4
83.400,-334.2,128.9
83.467,-333.9,129.9
83.533,-333.8,129.7
83.600,-332.6,130.6
83.667,-333.1,132.1
83.733,-332.5,132.8
83.800,-332.4,134.5
83.867,-334.2,135.1
83.933,-337.5,135.8
84.000,-339.8,138.0
84.067,-341.8,139.3
84.133,-343.0,139.0
84.200,-342.5,138.0
84.267,-342.2,138.0
84.333,-339.8,135.1
84.400,-339.6,132.7
84.467,-336.3,133.3
84.533,-335.4,134.2
84.600,-332.6,134.3
84.667,-333.3,136.0
84.733,-334.7,136.0
84.800,-335.5,135.9
84.867,-335.4,132.8
84.933,-336.0,129.2
85.000,-338.2,127.3
85.067,-341.1,126.0
85.133,-341.5,126.6
85.200,-340.7,127.7
85.267,-342.2,127.2
85.333,-344.4,125.5
85.400,-345.5,125.9
85.467,-343.1,126.3
85.533,-342.5,125.6
85.600,-344.3,122.4
85.667,-343.8,122.9
85.733,-341.3,123.0
85.800,-339.8,122.7
85.867,-337.6,123.9
85.933,-333.7,123.4
86.000,-334.6,121.4
86.067,-335.0,122.3
86.133,-333.6,123.3
86.200,-333.1,124.2
86.267,-333.0,125.4
86.333,-332.3,124.2
86.400,-332.9,124.5
86.467,-331.0,124.7
86.533,-328.5,124.5
86.600,-328.3,124.4
86.667,-327.9,125.1
86.733,-326.7,126.9
86.800,-324.1,127.8
86.867,-322.4,127.7
86.933,-323.0,129.0
87.000,-324.4,128.1
87.067,-323.9,127.6
87.133,-325.5,125.0
87.200,-327.4,126.7
87.267,-327.9,128.9
87.333,-325.5,128.2
87.400,-326.2,126.7
87.467,-326.6,126.6
87.533,-325.9,127.0
87.600,-325.5,125.4
87.667,-326.2,123.6
87.733,-326.1,123.2
87.800,-327.3,123.6
87.867,-327.6,123.5
87.933,-327.6,124.3
88.000,-325.6,125.1
88.067,-325.7,124.2
88.133,-326.5,122.9
88.200,-327.7,124.4
88.267,-328.9,124.0
88.333,-328.8,123.7
88.400,-328.4,123.3
88.467,-328.4,122.7
88.533,-327.4,121.3
88.600,-325.4,119.2
88.667,-324.5,117.1
88.733,-325.2,115.2
88.800,-324.8,115.7
88.867,-323.4,116.1
88.933,-323.2,115.7
89.000,-325.1,114.4
89.067,-324.9,115.2
89.133,-326.0,116.2
89.200,-325.3,114.8
89.267,-325.4,113.7
89.333,-324.5,114.2
89.400,-321.5,115.6
89.467,-320.8,116.3
89.533,-321.8,116.4
89.600,-322.4,116.7
89.667,-321.5,115.7
89.733,-320.5,117.0
89.800,-320.2,117.0
89.867,-318.9,115.8
89.933,-317.4,115.4
90.000,-318.1,115.8
90.067,-318.1,114.6
90.133,-318.5,116.0
90.200,-319.1,117.8
90.267,-318.5,117.3
90.333,-318.2,117.8
90.400,-318.0,117.1
90.467,-320.4,115.3
90.533,-322.6,114.0
90.600,-325.1,114.3
90.667,-324.1,114.0
90.733,-323.4,112.5
90.800,-323.0,113.3
90.867,-322.6,113.2
90.933,-322.4,112.0
91.000,-322.1,110.0
91.067,-322.6,112.7
91.133,-322.5,113.3
91.200,-320.3,111.9
91.267,-323.0,112.8
91.333,-323.4,113.0
91.400,-321.5,113.0
91.467,-320.8,113.4
91.533,-319.9,115.7
91.600,-319.5,114.7
91.667,-318.1,114.1
91.733,-316.7,113.1
91.800,-318.0,114.4
91.867,-317.5,114.6
91.933,-316.1,113.7
92.000,-314.8,111.7
92.067,-313.6,109.9
92.133,-312.1,110.8
92.200,-312.4,109.0
92.267,-312.5,109.9
92.333,-312.7,110.6
92.400,-312.7,110.2
92.467,-311.3,108.2
92.533,-311.5,106.5
92.600,-312.4,105.2
92.667,-311.2,105.7
92.733,-310.2,106.8
92.800,-307.6,105.9
92.867,-306.3,106.1
92.933,-307.9,106.3
93.000,-309.3,106.7
93.067,-307.2,106.8
93.133,-308.2,106.7
93.200,-308.9,105.9
93.267,-309.6,103.4
93.333,-310.3,101.4
93.400,-310.6,100.9
93.467,-309.4,100.6
93.533,-306.1,101.2
93.600,-306.0,97.77
93.667,-305.1,95.14
93.733,-306.1,93.95
93.800,-308.1,97.33
93.867,-307.4,99.19
93.933,-307.9,100.2
94.000,-308.9,100.8
94.067,-307.8,100.9
94.133,-308.1,100.4
94.200,-307.6,100.1
94.267,-309.9,99.84
94.333,-309.4,100.5
94.400,-308.6,101.4
94.467,-308.9,101.6
94.533,-309.4,103.2
94.600,-309.8,102.9
94.667,-308.1,100.5
94.733,-308.0,100.1
94.800,-308.9,100.6
94.867,-309.1,100.2
94.933,-309.4,101.1
95.000,-308.6,100.0
95.067,-309.9,101.3
95.133,-308.5,102.4
95.200,-308.6,100.4
95.267,-307.0,99.76
95.333,-306.6,95.87
95.400,-306.3,96.20
95.467,-304.8,98.64
95.533,-305.8,98.61
95.600,-303.8,97.56
95.667,-302.8,98.23
95.733,-302.4,97.71
95.800,-302.8,100.4
95.867,-303.1,100.4
95.933,-304.2,100.1
96.000,-305.3,99.07
96.067,-304.8,98.01
96.133,-303.8,96.24
96.200,-304.7,96.57
96.267,-304.4,99.24
96.333,-303.3,98.71
96.400,-302.4,97.92
96.467,-300.2,97.73
96.533,-299.0,99.40
96.600,-300.0,102.1
96.667,-304.1,104.1
96.733,-304.1,104.9
96.800,-303.3,105.1
96.867,-302.2,104.8
96.933,-301.2,103.2
97.000,-301.8,101.8
97.067,-302.3,101.8
97.133,-302.6,102.5
97.200,-303.3,101.6
97.267,-303.0,101.8
97.333,-304.2,103.8
97.400,-304.5,105.0
97.467,-303.1,104.9
97.533,-301.1,105.6
97.600,-299.0,105.0
97.667,-299.2,104.6
97.733,-297.8,104.5
97.800,-298.3,103.3
97.867,-298.5,104.9
97.933,-296.6,106.4
98.000,-298.7,108.2
98.067,-302.0,109.4
98.133,-302.0,107.0
98.200,-298.9,105.8
98.267,-298.9,106.9
98.333,-298.8,106.2
98.400,-298.4,105.7
98.467,-296.8,105.4
98.533,-296.4,107.4
98.600,-295.4,106.9
98.667,-294.3,106.9
98.733,-293.6,106.1
98.800,-294.4,103.3
98.867,-293.4,103.2
98.933,-294.1,104.3
99.000,-294.8,102.7
99.067,-296.0,103.0
99.133,-295.3,104.4
99.200,-294.9,104.9
99.267,-296.2,105.0
99.333,-297.9,104.3
99.400,-296.9,104.3
99.467,-295.9,105.7
99.533,-295.4,106.2
99.600,-294.0,106.0
99.667,-292.9,106.8
99.733,-292.3,107.8
99.800,-293.4,106.5
99.867,-294.3,107.4
99.933,-294.4,107.2
100.000,-294.1,107.5
100.067,-294.4,107.6
100.133,-296.3,107.6
100.200,-295.9,108.1
100.267,-295.1,108.9
100.333,-295.0,106.9
100.400,-295.7,107.8
100.467,-295.7,106.3
100.533,-294.7,105.2
100.600,-295.1,105.2
100.667,-295.2,104.8
100.733,-294.8,105.2
100.800,-295.2,104.3
100.867,-295.7,103.4
100.933,-295.2,101.8
101.000,-297.7,102.5
101.067,-296.2,103.5
101.133,-295.5,104.8
101.200,-294.8,105.3
101.267,-292.7,106.0
101.333,-291.3,106.0
101.400,-291.5,106.2
101.467,-292.0,105.7
101.533,-292.0,106.6
101.600,-292.7,106.0
101.667,-292.7,105.8
101.733,-292.3,105.5
101.800,-293.0,103.5
101.867,-293.0,103.7
101.933,-292.7,105.0
102.000,-292.5,106.0
102.067,-292.0,105.0
102.133,-291.9,102.9
102.200,-293.6,100.7
102.267,-293.1,99.09
102.333,-291.9,99.68
102.400,-291.4,98.82
102.467,-294.1,98.96
102.533,-295.2,100.2
102.600,-296.1,99.88
102.667,-295.7,99.72
102.733,-296.2,99.53
102.800,-295.5,99.26
102.867,-294.4,99.97
102.933,-293.3,100.3
103.000,-292.6,101.4
103.067,-292.9,100.8
103.133,-293.0,100.8
103.200,-293.7,102.3
103.267,-293.7,102.3
103.333,-294.0,100.3
103.400,-294.7,100.7
103.467,-292.9,101.8
103.533,-292.7,101.8
103.600,-294.5,101.6
103.667,-295.2,100.6
103.733,-294.9,99.88
103.800,-296.6,98.99
103.867,-297.0,99.04
103.933,-298.2,99.73
104.000,-297.7,98.32
104.067,-298.6,98.03
104.133,-299.1,97.95
104.200,-298.8,97.48
104.267,-298.3,97.02
104.333,-299.4,97.60
104.400,-301.5,98.17
104.467,-302.3,97.27
104.533,-302.6,96.74
104.600,-302.9,97.06
104.667,-302.3,96.76
104.733,-302.7,95.16
104.800,-301.6,96.21
104.867,-301.6,96.98
104.933,-301.9,95.11
105.000,-301.6,94.41
105.067,-300.1,92.90
105.133,-301.4,92.96
105.200,-301.1,94.07
105.267,-299.8,95.28
105.333,-297.5,95.90
105.400,-297.4,95.64
105.467,-298.3,95.76
105.533,-298.7,95.16
105.600,-298.9,95.45
105.667,-298.6,94.58
105.733,-299.1,93.83
105.800,-298.7,94.81
105.867,-297.5,94.53
105.933,-297.5,94.20
106.000,-297.1,94.64
106.067,-297.3,93.78
106.133,-298.5,94.33
106.200,-299.7,94.19
106.267,-300.0,95.09
106.333,-300.2,96.03
106.400,-300.9,95.75
106.467,-300.3,94.10
106.533,-299.3,93.75
106.600,-299.5,94.54
106.667,-302.1,95.25
106.733,-304.5,94.71
106.800,-304.2,93.20
106.867,-303.9,93.58
106.933,-303.0,93.71
107.000,-303.4,93.06
107.067,-302.6,93.01
107.133,-304.7,93.59
107.200,-306.4,92.89
107.267,-307.7,91.38
107.333,-307.1,90.01
107.400,-306.1,87.79
107.467,-306.4,86.56
107.533,-308.1,87.18
107.600,-308.1,87.92
107.667,-306.9,85.66
107.733,-307.0,86.02
107.800,-307.4,85.25
107.867,-308.8,84.35
107.933,-308.0,85.41
108.000,-309.6,84.94
108.067,-310.1,85.17
108.133,-309.6,83.50
108.200,-310.3,83.65
108.267,-310.5,84.35
108.333,-309.3,84.22
108.400,-307.2,85.28
108.467,-307.6,85.82
108.533,-307.8,86.17
108.600,-308.3,85.82
108.667,-309.4,84.18
108.733,-311.0,84.93
108.800,-312.3,84.79
108.867,-312.5,85.13
108.933,-309.6,87.29
109.000,-311.1,89.86
109.067,-311.5,91.23
109.133,-311.0,92.13
109.200,-310.3,92.08
109.267,-311.2,91.03
109.333,-312.8,89.13
109.400,-314.1,87.36
109.467,-314.8,87.08
109.533,-315.4,87.32
109.600,-315.5,87.32
109.667,-317.9,88.81
109.733,-320.2,90.24
109.800,-322.1,89.06
109.867,-323.8,89.98
109.933,-325.4,91.06
110.000,-325.0,90.67
110.067,-324.3,90.64
110.133,-323.2,92.19
110.200,-321.6,93.44
110.267,-320.5,93.30
110.333,-319.5,92.16
110.400,-317.9,89.12
110.467,-319.5,89.61
110.533,-319.8,89.78
110.600,-321.8,91.15
110.667,-323.5,92.47
110.733,-325.3,92.43
110.800,-325.7,92.61
110.867,-325.8,93.73
110.933,-324.0,94.02
111.000,-324.8,93.91
111.067,-326.0,92.98
111.133,-326.5,90.87
111.200,-328.5,90.82
111.267,-327.2,92.03
111.333,-326.2,91.48
111.400,-328.1,92.93
111.467,-330.7,96.87
111.533,-329.7,97.91
111.600,-328.1,98.65
111.667,-330.4,99.06
111.733,-331.4,98.67
111.800,-332.9,97.13
111.867,-336.1,96.36
111.933,-338.8,93.73
112.000,-339.3,91.91
112.067,-339.6,90.23
112.133,-340.4,90.23
112.200,-342.1,89.77
112.267,-343.6,90.21
112.333,-343.6,89.52
112.400,-341.4,87.96
112.467,-340.7,86.28
112.533,-340.3,86.82
112.600,-340.5,86.82
112.667,-339.4,86.70
112.733,-335.2,85.20
112.800,-334.3,84.44
112.867,-335.1,83.99
112.933,-334.5,82.45
113.000,-335.5,84.11
113.067,-334.5,86.14
113.133,-334.8,86.18
113.200,-336.3,86.94
113.267,-336.1,87.60
113.333,-337.9,87.41
113.400,-339.4,86.44
113.467,-341.0,83.91
113.533,-340.5,83.70
113.600,-340.1,84.61
113.667,-339.5,83.36
113.733,-339.0,82.25
113.800,-337.0,82.73
113.867,-337.2,81.88
113.933,-335.5,81.03
114.000,-337.4,79.83
114.067,-335.4,78.51
114.133,-333.1,76.96
114.200,-334.1,75.85
114.267,-337.2,73.14
114.333,-339.7,70.25
114.400,-337.6,67.40
114.467,-336.6,67.04
114.533,-336.1,67.74
114.600,-336.7,68.32
114.667,-337.2,65.76
114.733,-338.6,64.97
114.800,-341.5,67.54
114.867,-342.4,66.25
114.933,-341.1,63.08
115.000,-342.8,61.19
115.067,-343.7,59.63
115.133,-343.8,59.08
115.200,-346.3,61.16
115.267,-346.6,61.69
115.333,-345.9,63.30
115.400,-346.0,63.91
115.467,-343.5,64.42
115.533,-340.0,62.26
115.600,-338.2,61.44
115.667,-337.3,59.44
115.733,-334.9,58.29
115.800,-336.6,59.30
115.867,-338.4,61.40
115.933,-339.1,63.36
116.000,-341.7,61.99
116.067,-342.2,61.41
116.133,-340.3,63.08
116.200,-340.6,64.13
116.267,-342.6,63.99
116.333,-341.7,62.79
116.400,-340.5,62.51
116.467,-339.9,62.82
116.533,-340.1,63.35
116.600,-339.2,63.11
116.667,-338.2,62.91
116.733,-339.4,64.15
116.800,-337.2,66.11
116.867,-337.3,66.82
116.933,-339.4,67.87
117.000,-338.4,68.17
117.067,-337.3,68.94
117.133,-337.7,68.69
117.200,-336.4,69.82
117.267,-334.5,70.72
117.333,-337.0,71.48
117.400,-339.5,70.69
117.467,-341.3,69.93
117.533,-341.6,68.37
117.600,-343.5,69.70
117.667,-342.5,70.55
117.733,-340.5,70.36
117.800,-339.3,69.75
117.867,-340.7,69.27
117.933,-339.0,69.20
118.000,-337.3,69.42
118.067,-335.1,70.27
118.133,-334.4,69.99
118.200,-334.3,69.18
118.267,-334.4,68.44
118.333,-335.5,69.61
118.400,-336.5,69.92
118.467,-336.0,69.88
118.533,-335.0,70.06
118.600,-333.1,69.55
118.667,-331.2,67.73
118.733,-329.7,69.06
118.800,-329.7,70.18
118.867,-327.7,70.77
118.933,-326.0,69.83
119.000,-326.1,69.79
119.067,-328.2,70.93
119.133,-326.5,73.77
119.200,-325.0,74.85
119.267,-324.3,74.10
119.333,-325.8,72.14
119.400,-327.0,73.04
119.467,-329.2,70.91
119.533,-332.1,70.67
119.600,-333.3,68.43
119.667,-334.4,69.63
119.733,-334.3,70.69
119.800,-332.5,73.16
119.867,-332.7,71.87
119.933,-332.7,70.28
120.000,-332.1,71.75
120.067,-332.4,73.01
120.133,-331.9,72.84
120.200,-332.5,72.05
120.267,-330.6,71.79
120.333,-331.6,69.26
120.400,-333.1,70.54
120.467,-334.4,70.63
120.533,-334.3,70.01
120.600,-335.5,68.52
120.667,-337.1,66.74
120.733,-338.0,67.60
120.800,-336.8,68.69
120.867,-333.7,70.40
120.933,-333.0,69.23
121.000,-332.8,70.78
121.067,-334.3,72.01
121.133,-332.8,73.87
121.200,-331.7,72.89
121.267,-331.5,70.99
121.333,-330.0,68.16
121.400,-330.1,68.00
121.467,-329.6,71.39
121.533,-329.1,74.72
121.600,-330.3,73.81
121.667,-329.2,74.17
121.733,-329.4,74.26
121.800,-330.4,73.88
121.867,-331.9,74.06
121.933,-331.8,75.66
122.000,-332.0,76.10
122.067,-332.8,76.97
122.133,-333.3,76.31
122.200,-333.5,75.23
122.267,-334.4,73.87
122.333,-329.0,65.50
122.400,-328.5,65.53
122.467,-328.0,66.50
122.533,-329.2,66.98
122.600,-330.6,67.98
122.667,-329.6,68.90
122.733,-329.0,72.22
122.800,-326.1,72.01
122.867,-325.6,72.56
122.933,-326.2,73.22
123.000,-328.2,74.35
123.067,-329.4,74.37
123.133,-328.4,73.46
123.200,-327.5,75.34
123.267,-327.6,75.17
123.333,-327.9,74.61
123.400,-329.3,75.19
123.467,-328.8,76.62
123.533,-328.5,78.72
